 84408       #  shotnumber
48.70000    # time [s] 
 120     # number of rho pol positions
# rho_toroidal vector:
       0.0000000     0.010084034     0.020168068     0.030252102     0.040336136
     0.050420170     0.060504204     0.070588238     0.080672272     0.090756306
      0.10084034      0.11092437      0.12100841      0.13109244      0.14117648
      0.15126051      0.16134454      0.17142858      0.18151261      0.19159665
      0.20168068      0.21176471      0.22184875      0.23193278      0.24201682
      0.25210085      0.26218488      0.27226892      0.28235295      0.29243699
      0.30252102      0.31260505      0.32268909      0.33277312      0.34285716
      0.35294119      0.36302522      0.37310926      0.38319329      0.39327733
      0.40336136      0.41344539      0.42352943      0.43361346      0.44369750
      0.45378153      0.46386556      0.47394960      0.48403363      0.49411767
      0.50420170      0.51428573      0.52436977      0.53445380      0.54453784
      0.55462187      0.56470590      0.57478994      0.58487397      0.59495801
      0.60504204      0.61512607      0.62521011      0.63529414      0.64537818
      0.65546221      0.66554624      0.67563028      0.68571431      0.69579835
      0.70588238      0.71596642      0.72605045      0.73613448      0.74621852
      0.75630255      0.76638659      0.77647062      0.78655465      0.79663869
      0.80672272      0.81680676      0.82689079      0.83697482      0.84705886
      0.85714289      0.86722693      0.87731096      0.88739499      0.89747903
      0.90756306      0.91764710      0.92773113      0.93781516      0.94789920
      0.95798323      0.96806727      0.97815130      0.98823533      0.99831937
       1.0084034       1.0184874       1.0285715       1.0386555       1.0487395
       1.0588236       1.0689076       1.0789916       1.0890757       1.0991597
       1.1092437       1.1193278       1.1294118       1.1394958       1.1495799
       1.1596639       1.1697479       1.1798320       1.1899160       1.2000000
ti profile [eV]
       981.58701       981.08760       980.58820       980.08880       979.57814
       979.03868       978.49922       977.92505       977.34231       976.74438
       976.11457       975.48476       974.81172       974.13068       973.42934
       972.69261       971.95588       971.16485       970.36679       969.54125
       968.67554       967.80983       966.87434       965.93337       964.95440
       963.92859       962.90278       961.78293       960.66005       959.48191
       958.24618       957.00904       955.63861       954.26818       952.81037
       951.27546       949.72979       947.98840       946.24701       944.35328
       942.34597       940.30586       937.94867       935.59148       932.94696
       930.12225       927.21247       923.75947       920.30647       916.30447
       912.01490       907.53302       902.15752       896.78202       890.46967
       883.75184       876.69869       868.44801       860.19733       850.80137
       841.00215       830.86688       819.77724       808.68759       797.01447
       785.17798       773.32722       761.44349       749.55976       738.15815
       726.86028       715.89604       705.56873       695.24143       685.82918
       676.56026       667.64625       659.29815       650.95006       643.20952
       635.53183       628.02430       620.74503       613.46576       606.33280
       599.20787       592.06184       584.89190       577.72195       570.35361
       562.98318       555.44908       547.75798       540.05391       531.94800
       523.84209       515.46528       506.86870       477.93762       190.45566
       0.0000000       0.0000000       0.0000000       0.0000000       0.0000000
       0.0000000       0.0000000       0.0000000       0.0000000       0.0000000
       0.0000000       0.0000000       0.0000000       0.0000000       0.0000000
       0.0000000       0.0000000       0.0000000       0.0000000       0.0000000
te profile [eV]
       1582.7262       1580.8006       1578.8750       1576.9493       1574.5026
       1570.7240       1566.9455       1561.7545       1556.2151       1550.1366
       1542.9278       1535.7189       1527.1793       1518.3932       1509.0100
       1498.5859       1488.1618       1476.5243       1464.7298       1452.4157
       1439.3423       1426.2688       1412.0950       1397.8346       1383.0838
       1367.7286       1352.3734       1336.0462       1319.6877       1302.8830
       1285.6131       1268.3346       1250.2451       1232.1555       1213.6794
       1194.8622       1176.0118       1156.5590       1137.1062       1117.3416
       1097.3446       1077.3017       1056.8154       1036.3291       1015.6354
       994.81180       973.95492       952.88589       931.81686       910.64704
       889.42441       868.19087       846.90667       825.62247       804.35934
       783.10532       761.87799       740.74594       719.61388       698.64009
       677.72203       656.88354       636.27105       615.65856       595.35684
       575.14212       555.07526       535.35000       515.62474       496.44156
       477.37503       458.54777       440.17731       421.80684       404.11761
       386.53509       369.29174       352.58922       335.88670       320.06481
       304.33401       289.05745       274.39021       259.72297       246.15105
       232.63930       219.71216       207.44759       195.18302       183.99633
       172.82098       161.49089       150.01238       138.37506       121.81537
       105.25569       95.273637       90.628023       82.694342       32.953266
       0.0000000       0.0000000       0.0000000       0.0000000       0.0000000
       0.0000000       0.0000000       0.0000000       0.0000000       0.0000000
       0.0000000       0.0000000       0.0000000       0.0000000       0.0000000
       0.0000000       0.0000000       0.0000000       0.0000000       0.0000000
ne profile [1/cm^3]
   3.5031452e+13   3.5029571e+13   3.5027689e+13   3.5025808e+13   3.5023293e+13
   3.5019158e+13   3.5015023e+13   3.5008713e+13   3.5001865e+13   3.4993991e+13
   3.4983966e+13   3.4973942e+13   3.4960840e+13   3.4947168e+13   3.4931808e+13
   3.4913506e+13   3.4895204e+13   3.4872750e+13   3.4849758e+13   3.4824672e+13
   3.4796527e+13   3.4768382e+13   3.4735027e+13   3.4701263e+13   3.4664774e+13
   3.4624928e+13   3.4585081e+13   3.4538888e+13   3.4492489e+13   3.4442659e+13
   3.4389252e+13   3.4335767e+13   3.4274882e+13   3.4213997e+13   3.4148890e+13
   3.4080058e+13   3.4010789e+13   3.3933555e+13   3.3856322e+13   3.3774004e+13
   3.3687894e+13   3.3600806e+13   3.3504263e+13   3.3407719e+13   3.3305082e+13
   3.3198623e+13   3.3090759e+13   3.2973915e+13   3.2857071e+13   3.2733109e+13
   3.2605418e+13   3.2475725e+13   3.2336726e+13   3.2197727e+13   3.2050509e+13
   3.1899733e+13   3.1746280e+13   3.1583264e+13   3.1420248e+13   3.1247837e+13
   3.1072118e+13   3.0892969e+13   3.0704079e+13   3.0515189e+13   3.0315646e+13
   3.0113120e+13   2.9906334e+13   2.9689707e+13   2.9473080e+13   2.9243069e+13
   2.9010177e+13   2.8772061e+13   2.8523970e+13   2.8275880e+13   2.8014131e+13
   2.7750243e+13   2.7479918e+13   2.7199331e+13   2.6918744e+13   2.6621307e+13
   2.6322128e+13   2.6012831e+13   2.5689962e+13   2.5367093e+13   2.5007364e+13
   2.4645609e+13   2.4244379e+13   2.3798409e+13   2.3352440e+13   2.2700834e+13
   2.2047067e+13   2.1144537e+13   2.0003399e+13   1.8831730e+13   1.6713725e+13
   1.4595719e+13   1.2027598e+13   9.0942965e+12   6.1070312e+12   2.4336202e+12
       0.0000000       0.0000000       0.0000000       0.0000000       0.0000000
       0.0000000       0.0000000       0.0000000       0.0000000       0.0000000
       0.0000000       0.0000000       0.0000000       0.0000000       0.0000000
       0.0000000       0.0000000       0.0000000       0.0000000       0.0000000
zeff profile
       1.0000000       1.0000000       1.0000000       1.0000000       1.0000000
       1.0000000       1.0000000       1.0000000       1.0000000       1.0000000
       1.0000000       1.0000000       1.0000000       1.0000000       1.0000000
       1.0000000       1.0000000       1.0000000       1.0000000       1.0000000
       1.0000000       1.0000000       1.0000000       1.0000000       1.0000000
       1.0000000       1.0000000       1.0000000       1.0000000       1.0000000
       1.0000000       1.0000000       1.0000000       1.0000000       1.0000000
       1.0000000       1.0000000       1.0000000       1.0000000       1.0000000
       1.0000000       1.0000000       1.0000000       1.0000000       1.0000000
       1.0000000       1.0000000       1.0000000       1.0000000       1.0000000
       1.0000000       1.0000000       1.0000000       1.0000000       1.0000000
       1.0000000       1.0000000       1.0000000       1.0000000       1.0000000
       1.0000000       1.0000000       1.0000000       1.0000000       1.0000000
       1.0000000       1.0000000       1.0000000       1.0000000       1.0000000
       1.0000000       1.0000000       1.0000000       1.0000000       1.0000000
       1.0000000       1.0000000       1.0000000       1.0000000       1.0000000
       1.0000000       1.0000000       1.0000000       1.0000000       1.0000000
       1.0000000       1.0000000       1.0000000       1.0000000       1.0000000
       1.0000000       1.0000000       1.0000000       1.0000000       1.0000000
       1.0000000       1.0000000       1.0000000       1.0000000       1.0000000
       1.0000000       1.0000000       1.0000000       1.0000000       1.0000000
       1.0000000       1.0000000       1.0000000       1.0000000       1.0000000
       1.0000000       1.0000000       1.0000000       1.0000000       1.0000000
       1.0000000       1.0000000       1.0000000       1.0000000       1.0000000
toroidal rotation profile [rad/s]
       16615.277       16487.213       16359.149       16231.085       16103.694
       15978.022       15852.351       15728.568       15605.251       15482.681
       15361.678       15240.674       15121.589       15002.859       14884.945
       14768.451       14651.958       14537.407       14423.107       14309.684
       14197.543       14085.401       13975.223       13865.200       13756.108
       13648.165       13540.222       13434.265       13328.371       13223.462
       13119.579       13015.716       12913.804       12811.892       12711.014
       12611.047       12511.179       12413.113       12315.047       12218.051
       12121.853       12025.828       11931.468       11837.107       11743.857
       11651.304       11558.990       11468.205       11377.420       11287.775
       11198.726       11109.980       11022.643       10935.306       10849.138
       10763.477       10678.176       10594.158       10510.140       10427.318
       10344.916       10262.927       10182.110       10101.293       10021.696
       9942.4410       9863.6473       9785.9200       9708.1927       9631.6965
       9555.4653       9479.7394       9404.9782       9330.2170       9256.7062
       9183.3914       9110.6237       9038.7286       8966.8334       8896.1992
       8825.6953       8755.7740       8686.6341       8617.4942       8549.6234
       8481.8223       8414.6389       8348.1556       8281.6723       8216.4653
       8151.2716       8086.7229       8022.7929       7958.9017       7896.2162
       7833.5306       7771.5180       7710.0513       7331.5218       2921.5734
       0.0000000       0.0000000       0.0000000       0.0000000       0.0000000
       0.0000000       0.0000000       0.0000000       0.0000000       0.0000000
       0.0000000       0.0000000       0.0000000       0.0000000       0.0000000
       0.0000000       0.0000000       0.0000000       0.0000000       0.0000000
