    7 /GCRC6=7.010E-10 /SPEC=N  /DATE=06/01/99 /CODE=ADAS313
--------------------------------------------------------------------------------
   25   25 /TREF=1.000E+02
--------------------------------------------------------------------------------
 5.000E+01 1.000E+02 2.000E+02 3.000E+02 4.000E+02 5.000E+02 6.000E+02 7.000E+02
 8.000E+02 9.000E+02 1.000E+03 2.000E+03 3.000E+03 4.000E+03 5.000E+03 6.000E+03
 7.000E+03 8.000E+03 9.000E+03 1.000E+04 1.100E+04 1.200E+04 1.300E+04 1.400E+04
 1.500E+04
 1.000E+11 2.000E+11 3.000E+11 4.000E+11 5.000E+11 6.000E+11 7.000E+11 8.000E+11
 9.000E+11 1.000E+12 2.000E+12 3.000E+12 4.000E+12 5.000E+12 6.000E+12 7.000E+12
 8.000E+12 9.000E+12 1.000E+13 2.000E+13 3.000E+13 4.000E+13 5.000E+13 6.000E+13
 7.000E+13
--------------------------------------------------------------------------------
 6.621E-10 6.620E-10 6.620E-10 6.620E-10 6.620E-10 6.620E-10 6.620E-10 6.620E-10
 6.620E-10 6.620E-10 6.620E-10 6.609E-10 6.602E-10 6.605E-10 6.607E-10 6.609E-10
 6.611E-10 6.613E-10 6.615E-10 6.616E-10 6.617E-10 6.619E-10 6.621E-10 6.622E-10
 6.623E-10
 6.672E-10 6.672E-10 6.671E-10 6.671E-10 6.671E-10 6.671E-10 6.671E-10 6.670E-10
 6.670E-10 6.670E-10 6.670E-10 6.644E-10 6.630E-10 6.633E-10 6.636E-10 6.639E-10
 6.642E-10 6.645E-10 6.647E-10 6.648E-10 6.650E-10 6.652E-10 6.654E-10 6.656E-10
 6.658E-10
 6.714E-10 6.714E-10 6.713E-10 6.713E-10 6.712E-10 6.712E-10 6.712E-10 6.712E-10
 6.712E-10 6.711E-10 6.711E-10 6.672E-10 6.652E-10 6.655E-10 6.658E-10 6.661E-10
 6.664E-10 6.668E-10 6.671E-10 6.671E-10 6.671E-10 6.673E-10 6.676E-10 6.678E-10
 6.680E-10
 6.751E-10 6.750E-10 6.749E-10 6.749E-10 6.749E-10 6.748E-10 6.748E-10 6.748E-10
 6.747E-10 6.747E-10 6.747E-10 6.695E-10 6.670E-10 6.674E-10 6.676E-10 6.679E-10
 6.683E-10 6.687E-10 6.690E-10 6.688E-10 6.687E-10 6.690E-10 6.692E-10 6.694E-10
 6.696E-10
 6.783E-10 6.783E-10 6.782E-10 6.781E-10 6.781E-10 6.780E-10 6.780E-10 6.779E-10
 6.779E-10 6.779E-10 6.778E-10 6.716E-10 6.687E-10 6.691E-10 6.693E-10 6.696E-10
 6.700E-10 6.704E-10 6.707E-10 6.702E-10 6.700E-10 6.702E-10 6.705E-10 6.707E-10
 6.710E-10
 6.813E-10 6.812E-10 6.811E-10 6.811E-10 6.810E-10 6.809E-10 6.809E-10 6.808E-10
 6.808E-10 6.807E-10 6.807E-10 6.736E-10 6.703E-10 6.707E-10 6.708E-10 6.711E-10
 6.715E-10 6.719E-10 6.723E-10 6.715E-10 6.710E-10 6.713E-10 6.716E-10 6.718E-10
 6.721E-10
 6.840E-10 6.839E-10 6.838E-10 6.837E-10 6.837E-10 6.836E-10 6.835E-10 6.835E-10
 6.834E-10 6.834E-10 6.833E-10 6.754E-10 6.719E-10 6.723E-10 6.723E-10 6.725E-10
 6.730E-10 6.734E-10 6.737E-10 6.726E-10 6.720E-10 6.723E-10 6.725E-10 6.728E-10
 6.730E-10
 6.865E-10 6.865E-10 6.863E-10 6.862E-10 6.862E-10 6.861E-10 6.860E-10 6.860E-10
 6.859E-10 6.858E-10 6.858E-10 6.771E-10 6.734E-10 6.738E-10 6.737E-10 6.739E-10
 6.744E-10 6.748E-10 6.751E-10 6.736E-10 6.728E-10 6.731E-10 6.733E-10 6.736E-10
 6.738E-10
 6.889E-10 6.888E-10 6.887E-10 6.886E-10 6.885E-10 6.884E-10 6.883E-10 6.883E-10
 6.882E-10 6.881E-10 6.880E-10 6.788E-10 6.748E-10 6.753E-10 6.751E-10 6.752E-10
 6.757E-10 6.761E-10 6.765E-10 6.745E-10 6.735E-10 6.738E-10 6.741E-10 6.743E-10
 6.745E-10
 6.911E-10 6.910E-10 6.909E-10 6.908E-10 6.907E-10 6.906E-10 6.905E-10 6.905E-10
 6.904E-10 6.903E-10 6.902E-10 6.804E-10 6.762E-10 6.767E-10 6.765E-10 6.765E-10
 6.770E-10 6.774E-10 6.778E-10 6.754E-10 6.741E-10 6.744E-10 6.747E-10 6.750E-10
 6.752E-10
 7.090E-10 7.089E-10 7.087E-10 7.086E-10 7.084E-10 7.083E-10 7.082E-10 7.080E-10
 7.079E-10 7.077E-10 7.076E-10 6.943E-10 6.894E-10 6.899E-10 6.885E-10 6.880E-10
 6.885E-10 6.889E-10 6.892E-10 6.816E-10 6.781E-10 6.784E-10 6.787E-10 6.790E-10
 6.793E-10
 7.227E-10 7.226E-10 7.224E-10 7.222E-10 7.220E-10 7.219E-10 7.217E-10 7.215E-10
 7.214E-10 7.212E-10 7.210E-10 7.062E-10 7.010E-10 7.015E-10 6.986E-10 6.976E-10
 6.981E-10 6.985E-10 6.987E-10 6.853E-10 6.801E-10 6.804E-10 6.807E-10 6.810E-10
 6.813E-10
 7.342E-10 7.341E-10 7.338E-10 7.336E-10 7.334E-10 7.332E-10 7.331E-10 7.329E-10
 7.327E-10 7.325E-10 7.323E-10 7.165E-10 7.113E-10 7.118E-10 7.073E-10 7.058E-10
 7.063E-10 7.067E-10 7.068E-10 6.879E-10 6.813E-10 6.816E-10 6.819E-10 6.821E-10
 6.824E-10
 7.441E-10 7.440E-10 7.437E-10 7.435E-10 7.433E-10 7.431E-10 7.429E-10 7.427E-10
 7.425E-10 7.423E-10 7.421E-10 7.256E-10 7.204E-10 7.209E-10 7.148E-10 7.129E-10
 7.133E-10 7.137E-10 7.136E-10 6.898E-10 6.820E-10 6.823E-10 6.826E-10 6.829E-10
 6.832E-10
 7.528E-10 7.526E-10 7.524E-10 7.521E-10 7.519E-10 7.517E-10 7.515E-10 7.513E-10
 7.510E-10 7.508E-10 7.506E-10 7.337E-10 7.285E-10 7.289E-10 7.213E-10 7.190E-10
 7.194E-10 7.198E-10 7.196E-10 6.912E-10 6.825E-10 6.828E-10 6.831E-10 6.834E-10
 6.837E-10
 7.604E-10 7.603E-10 7.600E-10 7.598E-10 7.595E-10 7.593E-10 7.591E-10 7.588E-10
 7.586E-10 7.584E-10 7.582E-10 7.408E-10 7.356E-10 7.360E-10 7.270E-10 7.244E-10
 7.247E-10 7.251E-10 7.248E-10 6.923E-10 6.830E-10 6.832E-10 6.835E-10 6.838E-10
 6.841E-10
 7.672E-10 7.671E-10 7.668E-10 7.666E-10 7.663E-10 7.661E-10 7.658E-10 7.656E-10
 7.654E-10 7.651E-10 7.649E-10 7.472E-10 7.420E-10 7.424E-10 7.320E-10 7.291E-10
 7.294E-10 7.298E-10 7.293E-10 6.933E-10 6.833E-10 6.835E-10 6.839E-10 6.841E-10
 6.845E-10
 7.733E-10 7.731E-10 7.729E-10 7.726E-10 7.724E-10 7.721E-10 7.719E-10 7.716E-10
 7.714E-10 7.711E-10 7.709E-10 7.530E-10 7.477E-10 7.480E-10 7.364E-10 7.333E-10
 7.336E-10 7.339E-10 7.334E-10 6.940E-10 6.835E-10 6.838E-10 6.841E-10 6.844E-10
 6.847E-10
 7.787E-10 7.786E-10 7.783E-10 7.780E-10 7.778E-10 7.775E-10 7.773E-10 7.770E-10
 7.768E-10 7.765E-10 7.763E-10 7.581E-10 7.528E-10 7.531E-10 7.404E-10 7.372E-10
 7.374E-10 7.377E-10 7.370E-10 6.947E-10 6.838E-10 6.840E-10 6.843E-10 6.846E-10
 6.850E-10
 8.125E-10 8.124E-10 8.121E-10 8.118E-10 8.115E-10 8.112E-10 8.109E-10 8.106E-10
 8.103E-10 8.100E-10 8.097E-10 7.903E-10 7.848E-10 7.846E-10 7.660E-10 7.618E-10
 7.618E-10 7.619E-10 7.603E-10 6.989E-10 6.855E-10 6.857E-10 6.860E-10 6.863E-10
 6.866E-10
 8.294E-10 8.292E-10 8.289E-10 8.286E-10 8.283E-10 8.280E-10 8.276E-10 8.273E-10
 8.270E-10 8.267E-10 8.264E-10 8.067E-10 8.011E-10 8.007E-10 7.801E-10 7.758E-10
 7.756E-10 7.755E-10 7.735E-10 7.017E-10 6.869E-10 6.872E-10 6.875E-10 6.877E-10
 6.881E-10
 8.404E-10 8.402E-10 8.399E-10 8.396E-10 8.393E-10 8.389E-10 8.386E-10 8.383E-10
 8.380E-10 8.376E-10 8.373E-10 8.177E-10 8.119E-10 8.113E-10 7.902E-10 7.859E-10
 7.855E-10 7.853E-10 7.829E-10 7.040E-10 6.883E-10 6.886E-10 6.889E-10 6.891E-10
 6.895E-10
 8.488E-10 8.487E-10 8.484E-10 8.480E-10 8.477E-10 8.474E-10 8.470E-10 8.467E-10
 8.464E-10 8.461E-10 8.457E-10 8.261E-10 8.203E-10 8.197E-10 7.983E-10 7.940E-10
 7.936E-10 7.933E-10 7.906E-10 7.061E-10 6.897E-10 6.899E-10 6.902E-10 6.905E-10
 6.908E-10
 8.560E-10 8.558E-10 8.555E-10 8.552E-10 8.548E-10 8.545E-10 8.542E-10 8.539E-10
 8.535E-10 8.532E-10 8.529E-10 8.333E-10 8.275E-10 8.267E-10 8.054E-10 8.011E-10
 8.006E-10 8.002E-10 7.973E-10 7.081E-10 6.910E-10 6.912E-10 6.915E-10 6.918E-10
 6.921E-10
 8.624E-10 8.622E-10 8.619E-10 8.616E-10 8.612E-10 8.609E-10 8.606E-10 8.602E-10
 8.599E-10 8.596E-10 8.592E-10 8.398E-10 8.339E-10 8.331E-10 8.118E-10 8.075E-10
 8.070E-10 8.065E-10 8.033E-10 7.100E-10 6.923E-10 6.925E-10 6.928E-10 6.931E-10
 6.934E-10
--------------------------------------------------------------------------------
   20 /EREF=3.000E+03 /NREF=3.000E+12
--------------------------------------------------------------------------------
 1.000E+01 2.000E+01 3.000E+01 4.000E+01 5.000E+01 6.000E+01 7.000E+01 8.000E+01
 8.966E+01 1.000E+02 2.000E+02 3.000E+02 4.000E+02 5.000E+02 6.000E+02 7.000E+02
 8.000E+02 8.966E+02 1.000E+03 2.000E+03
--------------------------------------------------------------------------------
 8.836E-09 4.331E-09 2.789E-09 2.025E-09 1.573E-09 1.276E-09 1.067E-09 9.130E-10
 7.946E-10 7.010E-10 2.992E-10 1.777E-10 1.215E-10 9.000E-11 7.021E-11 5.680E-11
 4.721E-11 4.006E-11 3.456E-11 1.284E-11
--------------------------------------------------------------------------------
C
C
C     ADAS FILE TYPE : 	ADF21
C     SOURCE FILE    :  /home/anderson/adas/adf26/bnl99#he/bnl99#he_n7.dat          
C
C     USER ID	     :  anderson        
C
--------------------------------------------------------------------------------
 
C---------------------------------------------------------------------------------
C ADAS ADF21/bms99#he_slow DATA - SCCS info: @(#)$Header: /u/xshare/Attic/repos/codesys/source/adas/data/adf21/bms99#he_slow/gcrc23/gcrc23#he_n7.dat,v 1.1 2009-07-30 05:39:16 Marina Gorelenkova Exp $ Date $Date: 2009-07-30 05:39:16 $
C---------------------------------------------------------------------------------
