    1 /GCRC6=7.152E-10 /SPEC=H  /DATE=06/01/99 /CODE=ADAS313
--------------------------------------------------------------------------------
   25   25 /TREF=1.000E+02
--------------------------------------------------------------------------------
 5.000E+01 1.000E+02 2.000E+02 3.000E+02 4.000E+02 5.000E+02 6.000E+02 7.000E+02
 8.000E+02 9.000E+02 1.000E+03 2.000E+03 3.000E+03 4.000E+03 5.000E+03 6.000E+03
 7.000E+03 8.000E+03 9.000E+03 1.000E+04 1.100E+04 1.200E+04 1.300E+04 1.400E+04
 1.500E+04
 1.000E+11 2.000E+11 3.000E+11 4.000E+11 5.000E+11 6.000E+11 7.000E+11 8.000E+11
 9.000E+11 1.000E+12 2.000E+12 3.000E+12 4.000E+12 5.000E+12 6.000E+12 7.000E+12
 8.000E+12 9.000E+12 1.000E+13 2.000E+13 3.000E+13 4.000E+13 5.000E+13 6.000E+13
 7.000E+13
--------------------------------------------------------------------------------
 6.638E-10 6.638E-10 6.638E-10 6.639E-10 6.639E-10 6.639E-10 6.640E-10 6.640E-10
 6.640E-10 6.641E-10 6.641E-10 6.642E-10 6.643E-10 6.646E-10 6.648E-10 6.651E-10
 6.653E-10 6.655E-10 6.656E-10 6.658E-10 6.659E-10 6.660E-10 6.661E-10 6.662E-10
 6.663E-10
 6.692E-10 6.693E-10 6.693E-10 6.693E-10 6.694E-10 6.694E-10 6.695E-10 6.695E-10
 6.695E-10 6.696E-10 6.696E-10 6.694E-10 6.694E-10 6.698E-10 6.701E-10 6.704E-10
 6.707E-10 6.710E-10 6.712E-10 6.714E-10 6.715E-10 6.717E-10 6.719E-10 6.720E-10
 6.722E-10
 6.736E-10 6.737E-10 6.737E-10 6.737E-10 6.737E-10 6.738E-10 6.738E-10 6.738E-10
 6.738E-10 6.738E-10 6.739E-10 6.733E-10 6.732E-10 6.735E-10 6.739E-10 6.742E-10
 6.745E-10 6.748E-10 6.751E-10 6.753E-10 6.755E-10 6.757E-10 6.758E-10 6.760E-10
 6.762E-10
 6.774E-10 6.774E-10 6.774E-10 6.774E-10 6.774E-10 6.775E-10 6.775E-10 6.775E-10
 6.775E-10 6.775E-10 6.774E-10 6.765E-10 6.762E-10 6.766E-10 6.769E-10 6.772E-10
 6.776E-10 6.779E-10 6.781E-10 6.783E-10 6.785E-10 6.787E-10 6.789E-10 6.791E-10
 6.793E-10
 6.807E-10 6.807E-10 6.807E-10 6.807E-10 6.807E-10 6.807E-10 6.807E-10 6.807E-10
 6.806E-10 6.806E-10 6.806E-10 6.793E-10 6.788E-10 6.792E-10 6.795E-10 6.798E-10
 6.801E-10 6.804E-10 6.807E-10 6.809E-10 6.811E-10 6.813E-10 6.815E-10 6.817E-10
 6.819E-10
 6.837E-10 6.837E-10 6.837E-10 6.836E-10 6.836E-10 6.836E-10 6.835E-10 6.835E-10
 6.835E-10 6.834E-10 6.833E-10 6.818E-10 6.812E-10 6.814E-10 6.818E-10 6.821E-10
 6.824E-10 6.827E-10 6.829E-10 6.831E-10 6.833E-10 6.835E-10 6.837E-10 6.840E-10
 6.842E-10
 6.865E-10 6.864E-10 6.864E-10 6.863E-10 6.863E-10 6.862E-10 6.862E-10 6.861E-10
 6.861E-10 6.860E-10 6.859E-10 6.841E-10 6.833E-10 6.835E-10 6.838E-10 6.841E-10
 6.844E-10 6.847E-10 6.850E-10 6.851E-10 6.852E-10 6.855E-10 6.857E-10 6.860E-10
 6.862E-10
 6.890E-10 6.890E-10 6.889E-10 6.888E-10 6.887E-10 6.886E-10 6.886E-10 6.885E-10
 6.884E-10 6.883E-10 6.882E-10 6.861E-10 6.852E-10 6.855E-10 6.857E-10 6.860E-10
 6.863E-10 6.866E-10 6.868E-10 6.869E-10 6.870E-10 6.873E-10 6.875E-10 6.878E-10
 6.881E-10
 6.914E-10 6.913E-10 6.912E-10 6.911E-10 6.910E-10 6.909E-10 6.908E-10 6.907E-10
 6.906E-10 6.905E-10 6.904E-10 6.881E-10 6.871E-10 6.873E-10 6.875E-10 6.877E-10
 6.881E-10 6.884E-10 6.886E-10 6.886E-10 6.887E-10 6.889E-10 6.892E-10 6.895E-10
 6.898E-10
 6.936E-10 6.935E-10 6.934E-10 6.933E-10 6.931E-10 6.930E-10 6.929E-10 6.928E-10
 6.927E-10 6.926E-10 6.925E-10 6.899E-10 6.888E-10 6.890E-10 6.892E-10 6.894E-10
 6.897E-10 6.901E-10 6.902E-10 6.902E-10 6.903E-10 6.905E-10 6.908E-10 6.911E-10
 6.914E-10
 7.112E-10 7.111E-10 7.108E-10 7.105E-10 7.103E-10 7.100E-10 7.098E-10 7.096E-10
 7.094E-10 7.092E-10 7.089E-10 7.051E-10 7.033E-10 7.034E-10 7.033E-10 7.033E-10
 7.036E-10 7.039E-10 7.038E-10 7.031E-10 7.026E-10 7.027E-10 7.031E-10 7.035E-10
 7.040E-10
 7.247E-10 7.245E-10 7.241E-10 7.237E-10 7.234E-10 7.231E-10 7.228E-10 7.226E-10
 7.223E-10 7.220E-10 7.217E-10 7.173E-10 7.152E-10 7.152E-10 7.147E-10 7.144E-10
 7.147E-10 7.150E-10 7.145E-10 7.129E-10 7.117E-10 7.115E-10 7.119E-10 7.124E-10
 7.129E-10
 7.360E-10 7.357E-10 7.352E-10 7.348E-10 7.344E-10 7.341E-10 7.338E-10 7.335E-10
 7.332E-10 7.328E-10 7.325E-10 7.277E-10 7.254E-10 7.253E-10 7.244E-10 7.238E-10
 7.240E-10 7.243E-10 7.232E-10 7.206E-10 7.186E-10 7.182E-10 7.186E-10 7.192E-10
 7.197E-10
 7.457E-10 7.454E-10 7.449E-10 7.444E-10 7.440E-10 7.436E-10 7.433E-10 7.429E-10
 7.426E-10 7.422E-10 7.419E-10 7.367E-10 7.344E-10 7.341E-10 7.327E-10 7.318E-10
 7.319E-10 7.321E-10 7.305E-10 7.269E-10 7.242E-10 7.235E-10 7.239E-10 7.244E-10
 7.250E-10
 7.542E-10 7.539E-10 7.533E-10 7.528E-10 7.524E-10 7.520E-10 7.516E-10 7.512E-10
 7.509E-10 7.505E-10 7.501E-10 7.447E-10 7.422E-10 7.418E-10 7.399E-10 7.386E-10
 7.387E-10 7.388E-10 7.366E-10 7.320E-10 7.286E-10 7.277E-10 7.281E-10 7.286E-10
 7.292E-10
 7.617E-10 7.614E-10 7.608E-10 7.603E-10 7.598E-10 7.593E-10 7.589E-10 7.585E-10
 7.582E-10 7.578E-10 7.574E-10 7.517E-10 7.490E-10 7.484E-10 7.461E-10 7.445E-10
 7.445E-10 7.445E-10 7.418E-10 7.363E-10 7.323E-10 7.312E-10 7.315E-10 7.320E-10
 7.325E-10
 7.684E-10 7.681E-10 7.674E-10 7.669E-10 7.663E-10 7.659E-10 7.654E-10 7.650E-10
 7.646E-10 7.642E-10 7.638E-10 7.579E-10 7.551E-10 7.543E-10 7.515E-10 7.497E-10
 7.495E-10 7.494E-10 7.462E-10 7.399E-10 7.353E-10 7.340E-10 7.343E-10 7.348E-10
 7.353E-10
 7.744E-10 7.740E-10 7.733E-10 7.727E-10 7.722E-10 7.717E-10 7.713E-10 7.708E-10
 7.704E-10 7.700E-10 7.695E-10 7.634E-10 7.604E-10 7.595E-10 7.563E-10 7.542E-10
 7.539E-10 7.537E-10 7.501E-10 7.430E-10 7.379E-10 7.364E-10 7.366E-10 7.371E-10
 7.377E-10
 7.797E-10 7.794E-10 7.787E-10 7.780E-10 7.775E-10 7.770E-10 7.765E-10 7.760E-10
 7.756E-10 7.751E-10 7.747E-10 7.684E-10 7.652E-10 7.641E-10 7.605E-10 7.581E-10
 7.578E-10 7.575E-10 7.534E-10 7.457E-10 7.401E-10 7.385E-10 7.386E-10 7.391E-10
 7.396E-10
 8.130E-10 8.125E-10 8.116E-10 8.108E-10 8.101E-10 8.095E-10 8.088E-10 8.082E-10
 8.077E-10 8.071E-10 8.065E-10 7.987E-10 7.944E-10 7.920E-10 7.859E-10 7.820E-10
 7.810E-10 7.798E-10 7.729E-10 7.608E-10 7.524E-10 7.498E-10 7.497E-10 7.499E-10
 7.504E-10
 8.296E-10 8.290E-10 8.281E-10 8.272E-10 8.264E-10 8.257E-10 8.250E-10 8.243E-10
 8.237E-10 8.230E-10 8.223E-10 8.138E-10 8.089E-10 8.058E-10 7.987E-10 7.941E-10
 7.927E-10 7.911E-10 7.827E-10 7.684E-10 7.587E-10 7.555E-10 7.552E-10 7.554E-10
 7.558E-10
 8.404E-10 8.399E-10 8.389E-10 8.380E-10 8.371E-10 8.364E-10 8.356E-10 8.349E-10
 8.342E-10 8.335E-10 8.328E-10 8.239E-10 8.186E-10 8.150E-10 8.074E-10 8.025E-10
 8.009E-10 7.989E-10 7.896E-10 7.739E-10 7.633E-10 7.598E-10 7.594E-10 7.596E-10
 7.599E-10
 8.487E-10 8.482E-10 8.472E-10 8.463E-10 8.454E-10 8.446E-10 8.438E-10 8.431E-10
 8.423E-10 8.416E-10 8.409E-10 8.317E-10 8.262E-10 8.224E-10 8.144E-10 8.093E-10
 8.076E-10 8.053E-10 7.953E-10 7.786E-10 7.673E-10 7.635E-10 7.631E-10 7.632E-10
 7.634E-10
 8.558E-10 8.552E-10 8.542E-10 8.533E-10 8.524E-10 8.516E-10 8.508E-10 8.500E-10
 8.493E-10 8.485E-10 8.478E-10 8.385E-10 8.327E-10 8.287E-10 8.206E-10 8.153E-10
 8.134E-10 8.110E-10 8.004E-10 7.828E-10 7.709E-10 7.670E-10 7.665E-10 7.665E-10
 7.668E-10
 8.621E-10 8.616E-10 8.605E-10 8.596E-10 8.587E-10 8.579E-10 8.571E-10 8.563E-10
 8.555E-10 8.548E-10 8.540E-10 8.445E-10 8.387E-10 8.345E-10 8.262E-10 8.208E-10
 8.188E-10 8.163E-10 8.051E-10 7.867E-10 7.744E-10 7.703E-10 7.697E-10 7.697E-10
 7.700E-10
--------------------------------------------------------------------------------
   20 /EREF=3.000E+03 /NREF=3.000E+12
--------------------------------------------------------------------------------
 1.000E+01 2.000E+01 3.000E+01 4.000E+01 5.000E+01 6.000E+01 7.000E+01 8.000E+01
 8.966E+01 1.000E+02 2.000E+02 3.000E+02 4.000E+02 5.000E+02 6.000E+02 7.000E+02
 8.000E+02 8.966E+02 1.000E+03 2.000E+03
--------------------------------------------------------------------------------
 8.896E-09 4.374E-09 2.823E-09 2.052E-09 1.596E-09 1.297E-09 1.086E-09 9.297E-10
 8.099E-10 7.152E-10 3.081E-10 1.843E-10 1.270E-10 9.467E-11 7.424E-11 6.033E-11
 5.034E-11 4.287E-11 3.710E-11 1.405E-11
--------------------------------------------------------------------------------
C
C
C     ADAS FILE TYPE : 	ADF21
C     SOURCE FILE    :  /home/anderson/adas/adf26/bnl99#he/bnl99#he_h1.dat          
C
C     USER ID	     :  anderson        
C
--------------------------------------------------------------------------------
 
C---------------------------------------------------------------------------------
C ADAS ADF21/bms99#he_slow DATA - SCCS info: @(#)$Header: /u/xshare/Attic/repos/codesys/source/adas/data/adf21/bms99#he_slow/gcrc23/gcrc23#he_h1.dat,v 1.1 2009-07-30 05:39:15 Marina Gorelenkova Exp $ Date $Date: 2009-07-30 05:39:15 $
C---------------------------------------------------------------------------------
