    2 /GCRC6=7.101E-10 /SPEC=HE /DATE=06/01/99 /CODE=ADAS313
--------------------------------------------------------------------------------
   25   25 /TREF=1.000E+02
--------------------------------------------------------------------------------
 5.000E+01 1.000E+02 2.000E+02 3.000E+02 4.000E+02 5.000E+02 6.000E+02 7.000E+02
 8.000E+02 9.000E+02 1.000E+03 2.000E+03 3.000E+03 4.000E+03 5.000E+03 6.000E+03
 7.000E+03 8.000E+03 9.000E+03 1.000E+04 1.100E+04 1.200E+04 1.300E+04 1.400E+04
 1.500E+04
 1.000E+11 2.000E+11 3.000E+11 4.000E+11 5.000E+11 6.000E+11 7.000E+11 8.000E+11
 9.000E+11 1.000E+12 2.000E+12 3.000E+12 4.000E+12 5.000E+12 6.000E+12 7.000E+12
 8.000E+12 9.000E+12 1.000E+13 2.000E+13 3.000E+13 4.000E+13 5.000E+13 6.000E+13
 7.000E+13
--------------------------------------------------------------------------------
 6.624E-10 6.624E-10 6.624E-10 6.624E-10 6.625E-10 6.625E-10 6.625E-10 6.625E-10
 6.625E-10 6.626E-10 6.626E-10 6.624E-10 6.624E-10 6.626E-10 6.629E-10 6.631E-10
 6.634E-10 6.636E-10 6.637E-10 6.639E-10 6.641E-10 6.642E-10 6.644E-10 6.645E-10
 6.647E-10
 6.677E-10 6.677E-10 6.678E-10 6.678E-10 6.678E-10 6.678E-10 6.678E-10 6.678E-10
 6.679E-10 6.679E-10 6.679E-10 6.671E-10 6.668E-10 6.672E-10 6.675E-10 6.678E-10
 6.681E-10 6.684E-10 6.686E-10 6.688E-10 6.690E-10 6.692E-10 6.694E-10 6.696E-10
 6.698E-10
 6.721E-10 6.721E-10 6.721E-10 6.721E-10 6.721E-10 6.721E-10 6.721E-10 6.721E-10
 6.721E-10 6.721E-10 6.721E-10 6.707E-10 6.701E-10 6.705E-10 6.708E-10 6.712E-10
 6.715E-10 6.718E-10 6.721E-10 6.722E-10 6.724E-10 6.726E-10 6.728E-10 6.730E-10
 6.732E-10
 6.759E-10 6.759E-10 6.758E-10 6.758E-10 6.758E-10 6.758E-10 6.758E-10 6.758E-10
 6.758E-10 6.757E-10 6.757E-10 6.736E-10 6.728E-10 6.732E-10 6.735E-10 6.738E-10
 6.742E-10 6.745E-10 6.748E-10 6.749E-10 6.750E-10 6.752E-10 6.755E-10 6.757E-10
 6.759E-10
 6.792E-10 6.792E-10 6.791E-10 6.791E-10 6.791E-10 6.790E-10 6.790E-10 6.790E-10
 6.789E-10 6.789E-10 6.788E-10 6.763E-10 6.751E-10 6.755E-10 6.758E-10 6.761E-10
 6.765E-10 6.768E-10 6.770E-10 6.771E-10 6.772E-10 6.774E-10 6.776E-10 6.778E-10
 6.780E-10
 6.822E-10 6.822E-10 6.821E-10 6.820E-10 6.820E-10 6.819E-10 6.819E-10 6.818E-10
 6.818E-10 6.817E-10 6.817E-10 6.786E-10 6.772E-10 6.776E-10 6.779E-10 6.781E-10
 6.785E-10 6.788E-10 6.791E-10 6.790E-10 6.790E-10 6.792E-10 6.795E-10 6.797E-10
 6.799E-10
 6.849E-10 6.849E-10 6.848E-10 6.847E-10 6.847E-10 6.846E-10 6.845E-10 6.845E-10
 6.844E-10 6.843E-10 6.843E-10 6.807E-10 6.791E-10 6.795E-10 6.797E-10 6.800E-10
 6.804E-10 6.807E-10 6.809E-10 6.808E-10 6.807E-10 6.809E-10 6.811E-10 6.813E-10
 6.815E-10
 6.875E-10 6.874E-10 6.873E-10 6.872E-10 6.871E-10 6.871E-10 6.870E-10 6.869E-10
 6.868E-10 6.867E-10 6.866E-10 6.827E-10 6.809E-10 6.813E-10 6.815E-10 6.817E-10
 6.821E-10 6.824E-10 6.826E-10 6.824E-10 6.822E-10 6.824E-10 6.826E-10 6.828E-10
 6.830E-10
 6.899E-10 6.898E-10 6.897E-10 6.896E-10 6.895E-10 6.894E-10 6.893E-10 6.892E-10
 6.891E-10 6.890E-10 6.889E-10 6.846E-10 6.826E-10 6.830E-10 6.831E-10 6.834E-10
 6.837E-10 6.840E-10 6.842E-10 6.838E-10 6.836E-10 6.837E-10 6.840E-10 6.842E-10
 6.844E-10
 6.921E-10 6.920E-10 6.919E-10 6.918E-10 6.916E-10 6.915E-10 6.914E-10 6.913E-10
 6.912E-10 6.911E-10 6.910E-10 6.864E-10 6.843E-10 6.846E-10 6.847E-10 6.849E-10
 6.853E-10 6.856E-10 6.857E-10 6.852E-10 6.849E-10 6.850E-10 6.852E-10 6.855E-10
 6.857E-10
 7.100E-10 7.098E-10 7.096E-10 7.093E-10 7.091E-10 7.089E-10 7.087E-10 7.085E-10
 7.083E-10 7.081E-10 7.078E-10 7.014E-10 6.983E-10 6.986E-10 6.982E-10 6.980E-10
 6.983E-10 6.987E-10 6.985E-10 6.962E-10 6.946E-10 6.946E-10 6.948E-10 6.951E-10
 6.954E-10
 7.236E-10 7.234E-10 7.231E-10 7.228E-10 7.225E-10 7.222E-10 7.220E-10 7.217E-10
 7.215E-10 7.212E-10 7.209E-10 7.135E-10 7.101E-10 7.103E-10 7.092E-10 7.085E-10
 7.089E-10 7.093E-10 7.086E-10 7.042E-10 7.012E-10 7.010E-10 7.013E-10 7.016E-10
 7.019E-10
 7.350E-10 7.348E-10 7.344E-10 7.341E-10 7.337E-10 7.334E-10 7.331E-10 7.328E-10
 7.325E-10 7.323E-10 7.320E-10 7.240E-10 7.203E-10 7.205E-10 7.186E-10 7.175E-10
 7.178E-10 7.182E-10 7.170E-10 7.104E-10 7.060E-10 7.057E-10 7.060E-10 7.063E-10
 7.066E-10
 7.449E-10 7.447E-10 7.442E-10 7.438E-10 7.435E-10 7.431E-10 7.428E-10 7.425E-10
 7.422E-10 7.418E-10 7.415E-10 7.331E-10 7.293E-10 7.294E-10 7.266E-10 7.251E-10
 7.254E-10 7.257E-10 7.240E-10 7.152E-10 7.097E-10 7.092E-10 7.095E-10 7.098E-10
 7.102E-10
 7.535E-10 7.533E-10 7.528E-10 7.524E-10 7.520E-10 7.516E-10 7.513E-10 7.509E-10
 7.506E-10 7.502E-10 7.499E-10 7.412E-10 7.372E-10 7.372E-10 7.336E-10 7.316E-10
 7.319E-10 7.322E-10 7.299E-10 7.192E-10 7.126E-10 7.119E-10 7.122E-10 7.126E-10
 7.129E-10
 7.611E-10 7.609E-10 7.604E-10 7.599E-10 7.595E-10 7.591E-10 7.587E-10 7.584E-10
 7.580E-10 7.577E-10 7.573E-10 7.483E-10 7.441E-10 7.441E-10 7.397E-10 7.373E-10
 7.375E-10 7.378E-10 7.350E-10 7.225E-10 7.149E-10 7.141E-10 7.144E-10 7.148E-10
 7.152E-10
 7.679E-10 7.676E-10 7.671E-10 7.667E-10 7.662E-10 7.658E-10 7.654E-10 7.650E-10
 7.647E-10 7.643E-10 7.639E-10 7.546E-10 7.503E-10 7.501E-10 7.450E-10 7.423E-10
 7.424E-10 7.426E-10 7.394E-10 7.252E-10 7.168E-10 7.159E-10 7.162E-10 7.166E-10
 7.170E-10
 7.739E-10 7.737E-10 7.731E-10 7.726E-10 7.722E-10 7.717E-10 7.713E-10 7.709E-10
 7.706E-10 7.702E-10 7.698E-10 7.603E-10 7.558E-10 7.555E-10 7.497E-10 7.466E-10
 7.467E-10 7.469E-10 7.432E-10 7.275E-10 7.184E-10 7.174E-10 7.177E-10 7.181E-10
 7.185E-10
 7.794E-10 7.791E-10 7.785E-10 7.780E-10 7.775E-10 7.771E-10 7.767E-10 7.763E-10
 7.759E-10 7.755E-10 7.750E-10 7.653E-10 7.608E-10 7.603E-10 7.539E-10 7.505E-10
 7.505E-10 7.507E-10 7.466E-10 7.295E-10 7.198E-10 7.187E-10 7.190E-10 7.193E-10
 7.197E-10
 8.130E-10 8.127E-10 8.120E-10 8.114E-10 8.108E-10 8.103E-10 8.097E-10 8.092E-10
 8.087E-10 8.082E-10 8.077E-10 7.966E-10 7.912E-10 7.898E-10 7.795E-10 7.745E-10
 7.740E-10 7.738E-10 7.668E-10 7.411E-10 7.276E-10 7.260E-10 7.262E-10 7.265E-10
 7.269E-10
 8.298E-10 8.294E-10 8.287E-10 8.281E-10 8.275E-10 8.269E-10 8.263E-10 8.257E-10
 8.252E-10 8.246E-10 8.240E-10 8.124E-10 8.065E-10 8.045E-10 7.928E-10 7.872E-10
 7.865E-10 7.859E-10 7.774E-10 7.472E-10 7.318E-10 7.300E-10 7.302E-10 7.305E-10
 7.308E-10
 8.407E-10 8.404E-10 8.397E-10 8.390E-10 8.383E-10 8.377E-10 8.371E-10 8.365E-10
 8.359E-10 8.353E-10 8.348E-10 8.229E-10 8.166E-10 8.144E-10 8.020E-10 7.961E-10
 7.952E-10 7.945E-10 7.849E-10 7.518E-10 7.352E-10 7.332E-10 7.334E-10 7.336E-10
 7.340E-10
 8.491E-10 8.488E-10 8.481E-10 8.474E-10 8.467E-10 8.461E-10 8.454E-10 8.448E-10
 8.442E-10 8.436E-10 8.430E-10 8.310E-10 8.246E-10 8.222E-10 8.094E-10 8.034E-10
 8.024E-10 8.015E-10 7.911E-10 7.558E-10 7.382E-10 7.361E-10 7.362E-10 7.365E-10
 7.368E-10
 8.563E-10 8.559E-10 8.552E-10 8.545E-10 8.538E-10 8.532E-10 8.525E-10 8.519E-10
 8.513E-10 8.507E-10 8.501E-10 8.380E-10 8.315E-10 8.288E-10 8.159E-10 8.098E-10
 8.086E-10 8.076E-10 7.966E-10 7.594E-10 7.410E-10 7.387E-10 7.389E-10 7.391E-10
 7.395E-10
 8.626E-10 8.623E-10 8.615E-10 8.608E-10 8.602E-10 8.595E-10 8.589E-10 8.583E-10
 8.576E-10 8.570E-10 8.564E-10 8.442E-10 8.376E-10 8.349E-10 8.218E-10 8.156E-10
 8.144E-10 8.132E-10 8.016E-10 7.628E-10 7.436E-10 7.413E-10 7.415E-10 7.417E-10
 7.421E-10
--------------------------------------------------------------------------------
   20 /EREF=3.000E+03 /NREF=3.000E+12
--------------------------------------------------------------------------------
 1.000E+01 2.000E+01 3.000E+01 4.000E+01 5.000E+01 6.000E+01 7.000E+01 8.000E+01
 8.966E+01 1.000E+02 2.000E+02 3.000E+02 4.000E+02 5.000E+02 6.000E+02 7.000E+02
 8.000E+02 8.966E+02 1.000E+03 2.000E+03
--------------------------------------------------------------------------------
 8.876E-09 4.360E-09 2.811E-09 2.043E-09 1.588E-09 1.290E-09 1.079E-09 9.238E-10
 8.044E-10 7.101E-10 3.045E-10 1.816E-10 1.246E-10 9.259E-11 7.243E-11 5.874E-11
 4.892E-11 4.158E-11 3.593E-11 1.346E-11
--------------------------------------------------------------------------------
C
C
C     ADAS FILE TYPE : 	ADF21
C     SOURCE FILE    :  /home/anderson/adas/adf26/bnl99#he/bnl99#he_he2.dat         
C
C     USER ID	     :  anderson        
C
--------------------------------------------------------------------------------
 
C---------------------------------------------------------------------------------
C ADAS ADF21/bms99#he_slow DATA - SCCS info: @(#)$Header: /u/xshare/Attic/repos/codesys/source/adas/data/adf21/bms99#he_slow/gcrc23/gcrc23#he_he2.dat,v 1.1 2009-07-30 05:39:15 Marina Gorelenkova Exp $ Date $Date: 2009-07-30 05:39:15 $
C---------------------------------------------------------------------------------
