    3 /GCRC6=7.071E-10 /SPEC=LI /DATE=06/01/99 /CODE=ADAS313
--------------------------------------------------------------------------------
   25   25 /TREF=1.000E+02
--------------------------------------------------------------------------------
 5.000E+01 1.000E+02 2.000E+02 3.000E+02 4.000E+02 5.000E+02 6.000E+02 7.000E+02
 8.000E+02 9.000E+02 1.000E+03 2.000E+03 3.000E+03 4.000E+03 5.000E+03 6.000E+03
 7.000E+03 8.000E+03 9.000E+03 1.000E+04 1.100E+04 1.200E+04 1.300E+04 1.400E+04
 1.500E+04
 1.000E+11 2.000E+11 3.000E+11 4.000E+11 5.000E+11 6.000E+11 7.000E+11 8.000E+11
 9.000E+11 1.000E+12 2.000E+12 3.000E+12 4.000E+12 5.000E+12 6.000E+12 7.000E+12
 8.000E+12 9.000E+12 1.000E+13 2.000E+13 3.000E+13 4.000E+13 5.000E+13 6.000E+13
 7.000E+13
--------------------------------------------------------------------------------
 6.623E-10 6.623E-10 6.623E-10 6.623E-10 6.623E-10 6.623E-10 6.623E-10 6.624E-10
 6.624E-10 6.624E-10 6.624E-10 6.619E-10 6.618E-10 6.620E-10 6.623E-10 6.625E-10
 6.627E-10 6.629E-10 6.631E-10 6.633E-10 6.634E-10 6.636E-10 6.637E-10 6.639E-10
 6.640E-10
 6.676E-10 6.676E-10 6.676E-10 6.676E-10 6.676E-10 6.676E-10 6.676E-10 6.676E-10
 6.676E-10 6.676E-10 6.676E-10 6.663E-10 6.657E-10 6.661E-10 6.664E-10 6.667E-10
 6.670E-10 6.673E-10 6.676E-10 6.677E-10 6.679E-10 6.681E-10 6.683E-10 6.685E-10
 6.687E-10
 6.719E-10 6.719E-10 6.719E-10 6.718E-10 6.718E-10 6.718E-10 6.718E-10 6.718E-10
 6.718E-10 6.718E-10 6.718E-10 6.696E-10 6.686E-10 6.690E-10 6.694E-10 6.697E-10
 6.701E-10 6.704E-10 6.707E-10 6.708E-10 6.709E-10 6.712E-10 6.714E-10 6.716E-10
 6.718E-10
 6.756E-10 6.756E-10 6.756E-10 6.755E-10 6.755E-10 6.755E-10 6.754E-10 6.754E-10
 6.754E-10 6.754E-10 6.754E-10 6.724E-10 6.711E-10 6.715E-10 6.718E-10 6.721E-10
 6.725E-10 6.729E-10 6.731E-10 6.732E-10 6.733E-10 6.735E-10 6.737E-10 6.739E-10
 6.741E-10
 6.789E-10 6.789E-10 6.788E-10 6.788E-10 6.787E-10 6.787E-10 6.787E-10 6.786E-10
 6.786E-10 6.785E-10 6.785E-10 6.749E-10 6.732E-10 6.736E-10 6.739E-10 6.742E-10
 6.746E-10 6.750E-10 6.753E-10 6.752E-10 6.752E-10 6.754E-10 6.756E-10 6.758E-10
 6.760E-10
 6.819E-10 6.819E-10 6.818E-10 6.817E-10 6.817E-10 6.816E-10 6.815E-10 6.815E-10
 6.814E-10 6.814E-10 6.813E-10 6.771E-10 6.751E-10 6.755E-10 6.758E-10 6.761E-10
 6.765E-10 6.769E-10 6.771E-10 6.769E-10 6.768E-10 6.770E-10 6.773E-10 6.775E-10
 6.777E-10
 6.847E-10 6.846E-10 6.845E-10 6.844E-10 6.843E-10 6.843E-10 6.842E-10 6.841E-10
 6.841E-10 6.840E-10 6.839E-10 6.792E-10 6.769E-10 6.773E-10 6.776E-10 6.778E-10
 6.782E-10 6.786E-10 6.789E-10 6.785E-10 6.783E-10 6.785E-10 6.787E-10 6.789E-10
 6.791E-10
 6.872E-10 6.871E-10 6.870E-10 6.869E-10 6.868E-10 6.867E-10 6.867E-10 6.866E-10
 6.865E-10 6.864E-10 6.863E-10 6.811E-10 6.786E-10 6.790E-10 6.792E-10 6.794E-10
 6.798E-10 6.802E-10 6.805E-10 6.799E-10 6.796E-10 6.798E-10 6.800E-10 6.802E-10
 6.804E-10
 6.896E-10 6.895E-10 6.894E-10 6.893E-10 6.891E-10 6.891E-10 6.890E-10 6.889E-10
 6.888E-10 6.887E-10 6.886E-10 6.829E-10 6.802E-10 6.806E-10 6.808E-10 6.810E-10
 6.814E-10 6.817E-10 6.820E-10 6.812E-10 6.807E-10 6.810E-10 6.812E-10 6.814E-10
 6.816E-10
 6.918E-10 6.917E-10 6.916E-10 6.915E-10 6.913E-10 6.912E-10 6.911E-10 6.910E-10
 6.909E-10 6.908E-10 6.907E-10 6.847E-10 6.818E-10 6.822E-10 6.823E-10 6.824E-10
 6.828E-10 6.832E-10 6.835E-10 6.825E-10 6.818E-10 6.820E-10 6.823E-10 6.825E-10
 6.827E-10
 7.097E-10 7.096E-10 7.093E-10 7.091E-10 7.089E-10 7.087E-10 7.085E-10 7.083E-10
 7.082E-10 7.080E-10 7.078E-10 6.994E-10 6.955E-10 6.959E-10 6.952E-10 6.949E-10
 6.953E-10 6.957E-10 6.958E-10 6.921E-10 6.897E-10 6.899E-10 6.901E-10 6.904E-10
 6.906E-10
 7.234E-10 7.232E-10 7.229E-10 7.226E-10 7.224E-10 7.221E-10 7.219E-10 7.217E-10
 7.214E-10 7.212E-10 7.210E-10 7.114E-10 7.071E-10 7.075E-10 7.059E-10 7.051E-10
 7.055E-10 7.060E-10 7.057E-10 6.988E-10 6.947E-10 6.948E-10 6.951E-10 6.953E-10
 6.956E-10
 7.348E-10 7.346E-10 7.343E-10 7.340E-10 7.337E-10 7.334E-10 7.331E-10 7.329E-10
 7.326E-10 7.324E-10 7.321E-10 7.219E-10 7.173E-10 7.177E-10 7.150E-10 7.137E-10
 7.141E-10 7.146E-10 7.140E-10 7.038E-10 6.981E-10 6.982E-10 6.985E-10 6.988E-10
 6.991E-10
 7.447E-10 7.445E-10 7.441E-10 7.438E-10 7.435E-10 7.432E-10 7.429E-10 7.426E-10
 7.423E-10 7.420E-10 7.417E-10 7.310E-10 7.263E-10 7.267E-10 7.229E-10 7.211E-10
 7.215E-10 7.219E-10 7.210E-10 7.077E-10 7.006E-10 7.006E-10 7.009E-10 7.012E-10
 7.016E-10
 7.533E-10 7.531E-10 7.527E-10 7.524E-10 7.520E-10 7.517E-10 7.514E-10 7.511E-10
 7.508E-10 7.505E-10 7.502E-10 7.391E-10 7.342E-10 7.345E-10 7.297E-10 7.275E-10
 7.278E-10 7.282E-10 7.269E-10 7.108E-10 7.026E-10 7.025E-10 7.028E-10 7.031E-10
 7.035E-10
 7.610E-10 7.608E-10 7.603E-10 7.600E-10 7.596E-10 7.593E-10 7.589E-10 7.586E-10
 7.583E-10 7.580E-10 7.577E-10 7.462E-10 7.413E-10 7.415E-10 7.357E-10 7.330E-10
 7.333E-10 7.337E-10 7.321E-10 7.133E-10 7.041E-10 7.040E-10 7.043E-10 7.046E-10
 7.050E-10
 7.678E-10 7.675E-10 7.671E-10 7.667E-10 7.663E-10 7.660E-10 7.656E-10 7.653E-10
 7.649E-10 7.646E-10 7.643E-10 7.526E-10 7.475E-10 7.477E-10 7.409E-10 7.378E-10
 7.381E-10 7.385E-10 7.365E-10 7.154E-10 7.053E-10 7.051E-10 7.055E-10 7.058E-10
 7.062E-10
 7.738E-10 7.736E-10 7.731E-10 7.727E-10 7.723E-10 7.720E-10 7.716E-10 7.712E-10
 7.709E-10 7.706E-10 7.702E-10 7.582E-10 7.531E-10 7.532E-10 7.455E-10 7.421E-10
 7.424E-10 7.427E-10 7.405E-10 7.171E-10 7.063E-10 7.061E-10 7.065E-10 7.068E-10
 7.072E-10
 7.792E-10 7.790E-10 7.786E-10 7.781E-10 7.777E-10 7.773E-10 7.769E-10 7.766E-10
 7.762E-10 7.759E-10 7.755E-10 7.633E-10 7.581E-10 7.581E-10 7.496E-10 7.460E-10
 7.461E-10 7.464E-10 7.439E-10 7.187E-10 7.072E-10 7.070E-10 7.073E-10 7.076E-10
 7.080E-10
 8.130E-10 8.127E-10 8.122E-10 8.117E-10 8.112E-10 8.107E-10 8.102E-10 8.098E-10
 8.093E-10 8.089E-10 8.085E-10 7.950E-10 7.890E-10 7.884E-10 7.751E-10 7.700E-10
 7.698E-10 7.698E-10 7.653E-10 7.276E-10 7.122E-10 7.119E-10 7.122E-10 7.125E-10
 7.129E-10
 8.298E-10 8.295E-10 8.289E-10 8.284E-10 8.279E-10 8.274E-10 8.269E-10 8.264E-10
 8.259E-10 8.255E-10 8.250E-10 8.110E-10 8.047E-10 8.036E-10 7.887E-10 7.831E-10
 7.826E-10 7.824E-10 7.767E-10 7.325E-10 7.153E-10 7.148E-10 7.152E-10 7.155E-10
 7.159E-10
 8.407E-10 8.404E-10 8.399E-10 8.393E-10 8.388E-10 8.383E-10 8.378E-10 8.373E-10
 8.368E-10 8.363E-10 8.358E-10 8.217E-10 8.151E-10 8.138E-10 7.981E-10 7.923E-10
 7.918E-10 7.913E-10 7.849E-10 7.364E-10 7.178E-10 7.173E-10 7.177E-10 7.180E-10
 7.184E-10
 8.492E-10 8.489E-10 8.483E-10 8.478E-10 8.472E-10 8.467E-10 8.462E-10 8.456E-10
 8.451E-10 8.446E-10 8.441E-10 8.299E-10 8.233E-10 8.218E-10 8.058E-10 7.999E-10
 7.992E-10 7.986E-10 7.916E-10 7.397E-10 7.202E-10 7.196E-10 7.200E-10 7.203E-10
 7.207E-10
 8.563E-10 8.560E-10 8.554E-10 8.549E-10 8.543E-10 8.538E-10 8.533E-10 8.527E-10
 8.522E-10 8.517E-10 8.512E-10 8.370E-10 8.302E-10 8.286E-10 8.124E-10 8.065E-10
 8.057E-10 8.050E-10 7.975E-10 7.428E-10 7.224E-10 7.218E-10 7.221E-10 7.225E-10
 7.229E-10
 8.627E-10 8.624E-10 8.618E-10 8.613E-10 8.607E-10 8.602E-10 8.596E-10 8.591E-10
 8.586E-10 8.581E-10 8.575E-10 8.433E-10 8.365E-10 8.348E-10 8.185E-10 8.125E-10
 8.116E-10 8.109E-10 8.029E-10 7.458E-10 7.245E-10 7.239E-10 7.243E-10 7.246E-10
 7.250E-10
--------------------------------------------------------------------------------
   20 /EREF=3.000E+03 /NREF=3.000E+12
--------------------------------------------------------------------------------
 1.000E+01 2.000E+01 3.000E+01 4.000E+01 5.000E+01 6.000E+01 7.000E+01 8.000E+01
 8.966E+01 1.000E+02 2.000E+02 3.000E+02 4.000E+02 5.000E+02 6.000E+02 7.000E+02
 8.000E+02 8.966E+02 1.000E+03 2.000E+03
--------------------------------------------------------------------------------
 8.863E-09 4.351E-09 2.804E-09 2.037E-09 1.583E-09 1.285E-09 1.075E-09 9.203E-10
 8.012E-10 7.071E-10 3.027E-10 1.802E-10 1.235E-10 9.168E-11 7.164E-11 5.804E-11
 4.830E-11 4.102E-11 3.543E-11 1.323E-11
--------------------------------------------------------------------------------
C
C
C     ADAS FILE TYPE : 	ADF21
C     SOURCE FILE    :  /home/anderson/adas/adf26/bnl99#he/bnl99#he_li3.dat         
C
C     USER ID	     :  anderson        
C
--------------------------------------------------------------------------------
 
C---------------------------------------------------------------------------------
C ADAS ADF21/bms99#he_slow DATA - SCCS info: @(#)$Header: /u/xshare/Attic/repos/codesys/source/adas/data/adf21/bms99#he_slow/gcrc23/gcrc23#he_li3.dat,v 1.1 2009-07-30 05:39:15 Marina Gorelenkova Exp $ Date $Date: 2009-07-30 05:39:15 $
C---------------------------------------------------------------------------------
