   10 /GCRC6=6.989E-10 /SPEC=NE /DATE=06/01/99 /CODE=ADAS313
--------------------------------------------------------------------------------
   25   25 /TREF=1.000E+02
--------------------------------------------------------------------------------
 5.000E+01 1.000E+02 2.000E+02 3.000E+02 4.000E+02 5.000E+02 6.000E+02 7.000E+02
 8.000E+02 9.000E+02 1.000E+03 2.000E+03 3.000E+03 4.000E+03 5.000E+03 6.000E+03
 7.000E+03 8.000E+03 9.000E+03 1.000E+04 1.100E+04 1.200E+04 1.300E+04 1.400E+04
 1.500E+04
 1.000E+11 2.000E+11 3.000E+11 4.000E+11 5.000E+11 6.000E+11 7.000E+11 8.000E+11
 9.000E+11 1.000E+12 2.000E+12 3.000E+12 4.000E+12 5.000E+12 6.000E+12 7.000E+12
 8.000E+12 9.000E+12 1.000E+13 2.000E+13 3.000E+13 4.000E+13 5.000E+13 6.000E+13
 7.000E+13
--------------------------------------------------------------------------------
 6.620E-10 6.619E-10 6.619E-10 6.619E-10 6.619E-10 6.619E-10 6.619E-10 6.619E-10
 6.619E-10 6.619E-10 6.619E-10 6.603E-10 6.595E-10 6.597E-10 6.599E-10 6.600E-10
 6.603E-10 6.604E-10 6.606E-10 6.607E-10 6.609E-10 6.610E-10 6.612E-10 6.613E-10
 6.614E-10
 6.670E-10 6.670E-10 6.669E-10 6.669E-10 6.669E-10 6.669E-10 6.669E-10 6.668E-10
 6.668E-10 6.668E-10 6.668E-10 6.635E-10 6.618E-10 6.621E-10 6.623E-10 6.625E-10
 6.628E-10 6.631E-10 6.634E-10 6.634E-10 6.635E-10 6.637E-10 6.639E-10 6.641E-10
 6.643E-10
 6.712E-10 6.712E-10 6.711E-10 6.711E-10 6.710E-10 6.710E-10 6.710E-10 6.710E-10
 6.709E-10 6.709E-10 6.709E-10 6.660E-10 6.636E-10 6.640E-10 6.641E-10 6.644E-10
 6.647E-10 6.651E-10 6.654E-10 6.652E-10 6.652E-10 6.654E-10 6.657E-10 6.659E-10
 6.661E-10
 6.749E-10 6.748E-10 6.747E-10 6.747E-10 6.746E-10 6.746E-10 6.746E-10 6.745E-10
 6.745E-10 6.745E-10 6.744E-10 6.682E-10 6.653E-10 6.656E-10 6.658E-10 6.660E-10
 6.664E-10 6.667E-10 6.671E-10 6.666E-10 6.664E-10 6.667E-10 6.669E-10 6.672E-10
 6.674E-10
 6.781E-10 6.780E-10 6.779E-10 6.779E-10 6.778E-10 6.778E-10 6.778E-10 6.777E-10
 6.777E-10 6.776E-10 6.776E-10 6.701E-10 6.668E-10 6.672E-10 6.673E-10 6.675E-10
 6.679E-10 6.683E-10 6.686E-10 6.678E-10 6.674E-10 6.677E-10 6.680E-10 6.682E-10
 6.684E-10
 6.810E-10 6.810E-10 6.809E-10 6.808E-10 6.807E-10 6.807E-10 6.807E-10 6.806E-10
 6.806E-10 6.805E-10 6.805E-10 6.720E-10 6.684E-10 6.687E-10 6.687E-10 6.689E-10
 6.693E-10 6.697E-10 6.700E-10 6.688E-10 6.682E-10 6.685E-10 6.688E-10 6.690E-10
 6.693E-10
 6.838E-10 6.837E-10 6.836E-10 6.835E-10 6.834E-10 6.834E-10 6.833E-10 6.833E-10
 6.832E-10 6.832E-10 6.831E-10 6.737E-10 6.698E-10 6.702E-10 6.701E-10 6.703E-10
 6.707E-10 6.711E-10 6.714E-10 6.697E-10 6.689E-10 6.692E-10 6.695E-10 6.697E-10
 6.700E-10
 6.863E-10 6.862E-10 6.861E-10 6.860E-10 6.859E-10 6.859E-10 6.858E-10 6.857E-10
 6.857E-10 6.856E-10 6.856E-10 6.753E-10 6.713E-10 6.717E-10 6.714E-10 6.716E-10
 6.720E-10 6.724E-10 6.727E-10 6.706E-10 6.695E-10 6.698E-10 6.701E-10 6.703E-10
 6.706E-10
 6.886E-10 6.885E-10 6.884E-10 6.883E-10 6.883E-10 6.882E-10 6.881E-10 6.881E-10
 6.880E-10 6.879E-10 6.879E-10 6.769E-10 6.727E-10 6.731E-10 6.728E-10 6.728E-10
 6.733E-10 6.737E-10 6.740E-10 6.713E-10 6.700E-10 6.703E-10 6.706E-10 6.709E-10
 6.711E-10
 6.909E-10 6.908E-10 6.907E-10 6.906E-10 6.905E-10 6.904E-10 6.903E-10 6.903E-10
 6.902E-10 6.901E-10 6.901E-10 6.784E-10 6.741E-10 6.745E-10 6.741E-10 6.741E-10
 6.745E-10 6.749E-10 6.753E-10 6.720E-10 6.705E-10 6.708E-10 6.711E-10 6.713E-10
 6.716E-10
 7.088E-10 7.087E-10 7.085E-10 7.084E-10 7.083E-10 7.081E-10 7.080E-10 7.079E-10
 7.078E-10 7.077E-10 7.076E-10 6.921E-10 6.872E-10 6.876E-10 6.858E-10 6.853E-10
 6.857E-10 6.861E-10 6.865E-10 6.767E-10 6.731E-10 6.734E-10 6.737E-10 6.739E-10
 6.742E-10
 7.225E-10 7.224E-10 7.222E-10 7.220E-10 7.219E-10 7.218E-10 7.216E-10 7.215E-10
 7.213E-10 7.212E-10 7.211E-10 7.038E-10 6.989E-10 6.993E-10 6.957E-10 6.948E-10
 6.952E-10 6.956E-10 6.959E-10 6.793E-10 6.742E-10 6.745E-10 6.748E-10 6.750E-10
 6.753E-10
 7.340E-10 7.338E-10 7.337E-10 7.335E-10 7.333E-10 7.332E-10 7.330E-10 7.329E-10
 7.327E-10 7.326E-10 7.324E-10 7.141E-10 7.093E-10 7.097E-10 7.043E-10 7.029E-10
 7.032E-10 7.036E-10 7.039E-10 6.810E-10 6.747E-10 6.750E-10 6.753E-10 6.756E-10
 6.759E-10
 7.439E-10 7.437E-10 7.436E-10 7.434E-10 7.432E-10 7.430E-10 7.429E-10 7.427E-10
 7.425E-10 7.424E-10 7.422E-10 7.232E-10 7.184E-10 7.188E-10 7.116E-10 7.099E-10
 7.102E-10 7.106E-10 7.108E-10 6.822E-10 6.751E-10 6.754E-10 6.757E-10 6.759E-10
 6.762E-10
 7.525E-10 7.524E-10 7.522E-10 7.520E-10 7.519E-10 7.517E-10 7.515E-10 7.513E-10
 7.511E-10 7.510E-10 7.508E-10 7.313E-10 7.266E-10 7.269E-10 7.180E-10 7.159E-10
 7.163E-10 7.166E-10 7.168E-10 6.831E-10 6.753E-10 6.756E-10 6.759E-10 6.761E-10
 6.764E-10
 7.602E-10 7.601E-10 7.599E-10 7.597E-10 7.595E-10 7.593E-10 7.591E-10 7.589E-10
 7.587E-10 7.586E-10 7.584E-10 7.385E-10 7.338E-10 7.341E-10 7.237E-10 7.213E-10
 7.216E-10 7.219E-10 7.220E-10 6.839E-10 6.755E-10 6.758E-10 6.761E-10 6.763E-10
 6.766E-10
 7.670E-10 7.669E-10 7.667E-10 7.665E-10 7.663E-10 7.661E-10 7.659E-10 7.657E-10
 7.655E-10 7.653E-10 7.651E-10 7.449E-10 7.402E-10 7.405E-10 7.286E-10 7.261E-10
 7.263E-10 7.266E-10 7.267E-10 6.844E-10 6.757E-10 6.759E-10 6.762E-10 6.764E-10
 6.767E-10
 7.731E-10 7.729E-10 7.727E-10 7.725E-10 7.723E-10 7.721E-10 7.719E-10 7.717E-10
 7.715E-10 7.713E-10 7.711E-10 7.507E-10 7.460E-10 7.462E-10 7.330E-10 7.303E-10
 7.305E-10 7.308E-10 7.308E-10 6.850E-10 6.758E-10 6.761E-10 6.763E-10 6.766E-10
 6.768E-10
 7.785E-10 7.784E-10 7.782E-10 7.780E-10 7.778E-10 7.776E-10 7.773E-10 7.771E-10
 7.769E-10 7.767E-10 7.765E-10 7.558E-10 7.511E-10 7.514E-10 7.370E-10 7.341E-10
 7.343E-10 7.346E-10 7.345E-10 6.854E-10 6.759E-10 6.762E-10 6.764E-10 6.767E-10
 6.769E-10
 8.124E-10 8.122E-10 8.120E-10 8.117E-10 8.115E-10 8.113E-10 8.110E-10 8.108E-10
 8.105E-10 8.103E-10 8.100E-10 7.883E-10 7.834E-10 7.833E-10 7.627E-10 7.592E-10
 7.592E-10 7.593E-10 7.588E-10 6.883E-10 6.770E-10 6.772E-10 6.775E-10 6.777E-10
 6.780E-10
 8.292E-10 8.291E-10 8.289E-10 8.286E-10 8.284E-10 8.281E-10 8.279E-10 8.276E-10
 8.273E-10 8.271E-10 8.268E-10 8.048E-10 7.999E-10 7.996E-10 7.771E-10 7.736E-10
 7.734E-10 7.733E-10 7.726E-10 6.903E-10 6.781E-10 6.783E-10 6.786E-10 6.788E-10
 6.790E-10
 8.402E-10 8.401E-10 8.399E-10 8.396E-10 8.394E-10 8.391E-10 8.388E-10 8.386E-10
 8.383E-10 8.380E-10 8.378E-10 8.158E-10 8.108E-10 8.104E-10 7.874E-10 7.839E-10
 7.837E-10 7.835E-10 7.825E-10 6.922E-10 6.792E-10 6.794E-10 6.797E-10 6.799E-10
 6.802E-10
 8.487E-10 8.486E-10 8.483E-10 8.481E-10 8.478E-10 8.475E-10 8.473E-10 8.470E-10
 8.468E-10 8.465E-10 8.462E-10 8.244E-10 8.193E-10 8.188E-10 7.957E-10 7.923E-10
 7.920E-10 7.917E-10 7.906E-10 6.939E-10 6.803E-10 6.805E-10 6.808E-10 6.810E-10
 6.812E-10
 8.558E-10 8.557E-10 8.555E-10 8.552E-10 8.550E-10 8.547E-10 8.544E-10 8.542E-10
 8.539E-10 8.536E-10 8.534E-10 8.316E-10 8.265E-10 8.260E-10 8.030E-10 7.996E-10
 7.992E-10 7.988E-10 7.976E-10 6.955E-10 6.813E-10 6.816E-10 6.818E-10 6.820E-10
 6.823E-10
 8.622E-10 8.621E-10 8.619E-10 8.616E-10 8.614E-10 8.611E-10 8.608E-10 8.606E-10
 8.603E-10 8.600E-10 8.598E-10 8.381E-10 8.330E-10 8.324E-10 8.095E-10 8.061E-10
 8.057E-10 8.053E-10 8.039E-10 6.970E-10 6.823E-10 6.826E-10 6.828E-10 6.830E-10
 6.833E-10
--------------------------------------------------------------------------------
   20 /EREF=3.000E+03 /NREF=3.000E+12
--------------------------------------------------------------------------------
 1.000E+01 2.000E+01 3.000E+01 4.000E+01 5.000E+01 6.000E+01 7.000E+01 8.000E+01
 8.966E+01 1.000E+02 2.000E+02 3.000E+02 4.000E+02 5.000E+02 6.000E+02 7.000E+02
 8.000E+02 8.966E+02 1.000E+03 2.000E+03
--------------------------------------------------------------------------------
 8.826E-09 4.324E-09 2.784E-09 2.020E-09 1.569E-09 1.273E-09 1.064E-09 9.104E-10
 7.923E-10 6.989E-10 2.981E-10 1.769E-10 1.209E-10 8.948E-11 6.978E-11 5.643E-11
 4.688E-11 3.977E-11 3.430E-11 1.273E-11
--------------------------------------------------------------------------------
C
C
C     ADAS FILE TYPE : 	ADF21
C     SOURCE FILE    :  /home/anderson/adas/adf26/bnl99#he/bnl99#he_ne10.dat        
C
C     USER ID	     :  anderson        
C
--------------------------------------------------------------------------------
 
C---------------------------------------------------------------------------------
C ADAS ADF21/bms99#he_slow DATA - SCCS info: @(#)$Header: /u/xshare/Attic/repos/codesys/source/adas/data/adf21/bms99#he_slow/gcrc23/gcrc23#he_ne10.dat,v 1.1 2009-07-30 05:39:16 Marina Gorelenkova Exp $ Date $Date: 2009-07-30 05:39:16 $
C---------------------------------------------------------------------------------
