    9 /GCRC6=6.995E-10 /SPEC=F  /DATE=06/01/99 /CODE=ADAS313
--------------------------------------------------------------------------------
   25   25 /TREF=1.000E+02
--------------------------------------------------------------------------------
 5.000E+01 1.000E+02 2.000E+02 3.000E+02 4.000E+02 5.000E+02 6.000E+02 7.000E+02
 8.000E+02 9.000E+02 1.000E+03 2.000E+03 3.000E+03 4.000E+03 5.000E+03 6.000E+03
 7.000E+03 8.000E+03 9.000E+03 1.000E+04 1.100E+04 1.200E+04 1.300E+04 1.400E+04
 1.500E+04
 1.000E+11 2.000E+11 3.000E+11 4.000E+11 5.000E+11 6.000E+11 7.000E+11 8.000E+11
 9.000E+11 1.000E+12 2.000E+12 3.000E+12 4.000E+12 5.000E+12 6.000E+12 7.000E+12
 8.000E+12 9.000E+12 1.000E+13 2.000E+13 3.000E+13 4.000E+13 5.000E+13 6.000E+13
 7.000E+13
--------------------------------------------------------------------------------
 6.620E-10 6.620E-10 6.619E-10 6.619E-10 6.619E-10 6.619E-10 6.619E-10 6.619E-10
 6.619E-10 6.619E-10 6.619E-10 6.605E-10 6.597E-10 6.599E-10 6.601E-10 6.603E-10
 6.605E-10 6.607E-10 6.609E-10 6.610E-10 6.611E-10 6.613E-10 6.614E-10 6.616E-10
 6.617E-10
 6.671E-10 6.670E-10 6.670E-10 6.670E-10 6.669E-10 6.669E-10 6.669E-10 6.669E-10
 6.669E-10 6.669E-10 6.669E-10 6.638E-10 6.621E-10 6.624E-10 6.627E-10 6.629E-10
 6.632E-10 6.635E-10 6.638E-10 6.638E-10 6.639E-10 6.642E-10 6.644E-10 6.645E-10
 6.647E-10
 6.713E-10 6.712E-10 6.712E-10 6.711E-10 6.711E-10 6.711E-10 6.710E-10 6.710E-10
 6.710E-10 6.710E-10 6.710E-10 6.664E-10 6.641E-10 6.644E-10 6.646E-10 6.649E-10
 6.652E-10 6.656E-10 6.659E-10 6.658E-10 6.658E-10 6.660E-10 6.662E-10 6.665E-10
 6.667E-10
 6.749E-10 6.749E-10 6.748E-10 6.747E-10 6.747E-10 6.747E-10 6.746E-10 6.746E-10
 6.746E-10 6.745E-10 6.745E-10 6.686E-10 6.658E-10 6.662E-10 6.663E-10 6.666E-10
 6.670E-10 6.673E-10 6.677E-10 6.673E-10 6.671E-10 6.674E-10 6.676E-10 6.679E-10
 6.681E-10
 6.782E-10 6.781E-10 6.780E-10 6.780E-10 6.779E-10 6.779E-10 6.778E-10 6.778E-10
 6.777E-10 6.777E-10 6.777E-10 6.706E-10 6.674E-10 6.678E-10 6.679E-10 6.681E-10
 6.685E-10 6.689E-10 6.692E-10 6.685E-10 6.682E-10 6.685E-10 6.687E-10 6.690E-10
 6.692E-10
 6.811E-10 6.810E-10 6.809E-10 6.809E-10 6.808E-10 6.808E-10 6.807E-10 6.807E-10
 6.806E-10 6.806E-10 6.805E-10 6.725E-10 6.689E-10 6.693E-10 6.693E-10 6.695E-10
 6.700E-10 6.704E-10 6.707E-10 6.696E-10 6.691E-10 6.694E-10 6.696E-10 6.699E-10
 6.701E-10
 6.838E-10 6.837E-10 6.836E-10 6.836E-10 6.835E-10 6.834E-10 6.834E-10 6.833E-10
 6.833E-10 6.832E-10 6.832E-10 6.742E-10 6.704E-10 6.708E-10 6.707E-10 6.709E-10
 6.713E-10 6.717E-10 6.721E-10 6.706E-10 6.698E-10 6.701E-10 6.704E-10 6.707E-10
 6.709E-10
 6.864E-10 6.863E-10 6.862E-10 6.861E-10 6.860E-10 6.859E-10 6.859E-10 6.858E-10
 6.857E-10 6.857E-10 6.856E-10 6.759E-10 6.719E-10 6.723E-10 6.721E-10 6.722E-10
 6.727E-10 6.731E-10 6.734E-10 6.715E-10 6.705E-10 6.708E-10 6.711E-10 6.713E-10
 6.716E-10
 6.887E-10 6.886E-10 6.885E-10 6.884E-10 6.883E-10 6.883E-10 6.882E-10 6.881E-10
 6.881E-10 6.880E-10 6.879E-10 6.775E-10 6.733E-10 6.737E-10 6.734E-10 6.735E-10
 6.740E-10 6.744E-10 6.747E-10 6.723E-10 6.711E-10 6.714E-10 6.716E-10 6.719E-10
 6.721E-10
 6.909E-10 6.909E-10 6.907E-10 6.906E-10 6.905E-10 6.905E-10 6.904E-10 6.903E-10
 6.902E-10 6.902E-10 6.901E-10 6.790E-10 6.747E-10 6.751E-10 6.747E-10 6.748E-10
 6.752E-10 6.756E-10 6.760E-10 6.730E-10 6.716E-10 6.719E-10 6.721E-10 6.724E-10
 6.727E-10
 7.089E-10 7.087E-10 7.086E-10 7.084E-10 7.083E-10 7.082E-10 7.081E-10 7.079E-10
 7.078E-10 7.077E-10 7.076E-10 6.928E-10 6.878E-10 6.883E-10 6.865E-10 6.861E-10
 6.865E-10 6.869E-10 6.873E-10 6.781E-10 6.745E-10 6.749E-10 6.752E-10 6.754E-10
 6.757E-10
 7.226E-10 7.224E-10 7.223E-10 7.221E-10 7.219E-10 7.218E-10 7.216E-10 7.215E-10
 7.213E-10 7.212E-10 7.211E-10 7.045E-10 6.995E-10 6.999E-10 6.966E-10 6.956E-10
 6.960E-10 6.964E-10 6.967E-10 6.811E-10 6.759E-10 6.762E-10 6.765E-10 6.767E-10
 6.770E-10
 7.340E-10 7.339E-10 7.337E-10 7.335E-10 7.334E-10 7.332E-10 7.330E-10 7.329E-10
 7.327E-10 7.325E-10 7.324E-10 7.148E-10 7.098E-10 7.103E-10 7.051E-10 7.037E-10
 7.041E-10 7.045E-10 7.048E-10 6.830E-10 6.766E-10 6.769E-10 6.772E-10 6.775E-10
 6.777E-10
 7.439E-10 7.438E-10 7.436E-10 7.434E-10 7.432E-10 7.431E-10 7.429E-10 7.427E-10
 7.425E-10 7.423E-10 7.422E-10 7.239E-10 7.190E-10 7.194E-10 7.125E-10 7.107E-10
 7.111E-10 7.115E-10 7.117E-10 6.844E-10 6.770E-10 6.773E-10 6.776E-10 6.779E-10
 6.782E-10
 7.526E-10 7.525E-10 7.523E-10 7.521E-10 7.519E-10 7.517E-10 7.515E-10 7.513E-10
 7.511E-10 7.509E-10 7.507E-10 7.320E-10 7.271E-10 7.275E-10 7.190E-10 7.168E-10
 7.171E-10 7.175E-10 7.176E-10 6.854E-10 6.773E-10 6.776E-10 6.779E-10 6.782E-10
 6.785E-10
 7.603E-10 7.601E-10 7.599E-10 7.597E-10 7.595E-10 7.593E-10 7.591E-10 7.589E-10
 7.587E-10 7.585E-10 7.583E-10 7.392E-10 7.343E-10 7.347E-10 7.246E-10 7.222E-10
 7.225E-10 7.228E-10 7.229E-10 6.863E-10 6.776E-10 6.779E-10 6.782E-10 6.784E-10
 6.787E-10
 7.671E-10 7.669E-10 7.667E-10 7.665E-10 7.663E-10 7.661E-10 7.659E-10 7.657E-10
 7.655E-10 7.652E-10 7.650E-10 7.456E-10 7.407E-10 7.410E-10 7.296E-10 7.269E-10
 7.272E-10 7.275E-10 7.275E-10 6.869E-10 6.778E-10 6.781E-10 6.783E-10 6.786E-10
 6.789E-10
 7.731E-10 7.730E-10 7.728E-10 7.726E-10 7.723E-10 7.721E-10 7.719E-10 7.717E-10
 7.715E-10 7.713E-10 7.711E-10 7.513E-10 7.465E-10 7.467E-10 7.340E-10 7.311E-10
 7.314E-10 7.317E-10 7.317E-10 6.875E-10 6.779E-10 6.782E-10 6.785E-10 6.788E-10
 6.790E-10
 7.786E-10 7.784E-10 7.782E-10 7.780E-10 7.778E-10 7.775E-10 7.773E-10 7.771E-10
 7.769E-10 7.767E-10 7.764E-10 7.565E-10 7.516E-10 7.518E-10 7.380E-10 7.350E-10
 7.352E-10 7.355E-10 7.354E-10 6.880E-10 6.781E-10 6.784E-10 6.786E-10 6.789E-10
 6.792E-10
 8.124E-10 8.123E-10 8.120E-10 8.117E-10 8.115E-10 8.112E-10 8.110E-10 8.107E-10
 8.105E-10 8.102E-10 8.099E-10 7.889E-10 7.838E-10 7.837E-10 7.636E-10 7.599E-10
 7.599E-10 7.600E-10 7.594E-10 6.912E-10 6.793E-10 6.796E-10 6.798E-10 6.801E-10
 6.803E-10
 8.293E-10 8.291E-10 8.289E-10 8.286E-10 8.283E-10 8.281E-10 8.278E-10 8.275E-10
 8.273E-10 8.270E-10 8.267E-10 8.054E-10 8.002E-10 7.999E-10 7.779E-10 7.742E-10
 7.740E-10 7.739E-10 7.731E-10 6.935E-10 6.805E-10 6.807E-10 6.810E-10 6.812E-10
 6.815E-10
 8.403E-10 8.401E-10 8.399E-10 8.396E-10 8.393E-10 8.391E-10 8.388E-10 8.385E-10
 8.382E-10 8.379E-10 8.377E-10 8.164E-10 8.111E-10 8.107E-10 7.882E-10 7.845E-10
 7.842E-10 7.840E-10 7.829E-10 6.954E-10 6.817E-10 6.819E-10 6.822E-10 6.824E-10
 6.827E-10
 8.487E-10 8.486E-10 8.483E-10 8.481E-10 8.478E-10 8.475E-10 8.472E-10 8.469E-10
 8.467E-10 8.464E-10 8.461E-10 8.249E-10 8.196E-10 8.191E-10 7.964E-10 7.928E-10
 7.924E-10 7.921E-10 7.909E-10 6.973E-10 6.829E-10 6.831E-10 6.833E-10 6.836E-10
 6.839E-10
 8.559E-10 8.557E-10 8.555E-10 8.552E-10 8.549E-10 8.547E-10 8.544E-10 8.541E-10
 8.538E-10 8.535E-10 8.532E-10 8.321E-10 8.268E-10 8.262E-10 8.036E-10 8.000E-10
 7.996E-10 7.992E-10 7.979E-10 6.990E-10 6.840E-10 6.842E-10 6.845E-10 6.847E-10
 6.850E-10
 8.623E-10 8.621E-10 8.619E-10 8.616E-10 8.613E-10 8.611E-10 8.608E-10 8.605E-10
 8.602E-10 8.599E-10 8.596E-10 8.386E-10 8.333E-10 8.326E-10 8.101E-10 8.065E-10
 8.060E-10 8.056E-10 8.042E-10 7.006E-10 6.851E-10 6.853E-10 6.855E-10 6.858E-10
 6.861E-10
--------------------------------------------------------------------------------
   20 /EREF=3.000E+03 /NREF=3.000E+12
--------------------------------------------------------------------------------
 1.000E+01 2.000E+01 3.000E+01 4.000E+01 5.000E+01 6.000E+01 7.000E+01 8.000E+01
 8.966E+01 1.000E+02 2.000E+02 3.000E+02 4.000E+02 5.000E+02 6.000E+02 7.000E+02
 8.000E+02 8.966E+02 1.000E+03 2.000E+03
--------------------------------------------------------------------------------
 8.828E-09 4.326E-09 2.785E-09 2.022E-09 1.570E-09 1.274E-09 1.065E-09 9.112E-10
 7.929E-10 6.995E-10 2.984E-10 1.771E-10 1.210E-10 8.962E-11 6.989E-11 5.652E-11
 4.697E-11 3.984E-11 3.436E-11 1.276E-11
--------------------------------------------------------------------------------
C
C
C     ADAS FILE TYPE : 	ADF21
C     SOURCE FILE    :  /home/anderson/adas/adf26/bnl99#he/bnl99#he_f9.dat          
C
C     USER ID	     :  anderson        
C
--------------------------------------------------------------------------------
 
C---------------------------------------------------------------------------------
C ADAS ADF21/bms99#he_slow DATA - SCCS info: @(#)$Header: /u/xshare/Attic/repos/codesys/source/adas/data/adf21/bms99#he_slow/gcrc23/gcrc23#he_f9.dat,v 1.1 2009-07-30 05:39:15 Marina Gorelenkova Exp $ Date $Date: 2009-07-30 05:39:15 $
C---------------------------------------------------------------------------------
