    8 /GCRC6=7.002E-10 /SPEC=O  /DATE=06/01/99 /CODE=ADAS313
--------------------------------------------------------------------------------
   25   25 /TREF=1.000E+02
--------------------------------------------------------------------------------
 5.000E+01 1.000E+02 2.000E+02 3.000E+02 4.000E+02 5.000E+02 6.000E+02 7.000E+02
 8.000E+02 9.000E+02 1.000E+03 2.000E+03 3.000E+03 4.000E+03 5.000E+03 6.000E+03
 7.000E+03 8.000E+03 9.000E+03 1.000E+04 1.100E+04 1.200E+04 1.300E+04 1.400E+04
 1.500E+04
 1.000E+11 2.000E+11 3.000E+11 4.000E+11 5.000E+11 6.000E+11 7.000E+11 8.000E+11
 9.000E+11 1.000E+12 2.000E+12 3.000E+12 4.000E+12 5.000E+12 6.000E+12 7.000E+12
 8.000E+12 9.000E+12 1.000E+13 2.000E+13 3.000E+13 4.000E+13 5.000E+13 6.000E+13
 7.000E+13
--------------------------------------------------------------------------------
 6.620E-10 6.620E-10 6.620E-10 6.620E-10 6.620E-10 6.620E-10 6.620E-10 6.620E-10
 6.619E-10 6.619E-10 6.619E-10 6.607E-10 6.599E-10 6.602E-10 6.604E-10 6.606E-10
 6.608E-10 6.610E-10 6.612E-10 6.613E-10 6.614E-10 6.616E-10 6.617E-10 6.619E-10
 6.620E-10
 6.671E-10 6.671E-10 6.670E-10 6.670E-10 6.670E-10 6.670E-10 6.670E-10 6.670E-10
 6.670E-10 6.669E-10 6.669E-10 6.641E-10 6.626E-10 6.629E-10 6.631E-10 6.634E-10
 6.637E-10 6.640E-10 6.642E-10 6.643E-10 6.644E-10 6.646E-10 6.648E-10 6.650E-10
 6.652E-10
 6.713E-10 6.713E-10 6.712E-10 6.712E-10 6.712E-10 6.711E-10 6.711E-10 6.711E-10
 6.711E-10 6.711E-10 6.710E-10 6.667E-10 6.646E-10 6.649E-10 6.652E-10 6.654E-10
 6.658E-10 6.661E-10 6.665E-10 6.664E-10 6.664E-10 6.666E-10 6.669E-10 6.671E-10
 6.673E-10
 6.750E-10 6.749E-10 6.749E-10 6.748E-10 6.748E-10 6.747E-10 6.747E-10 6.747E-10
 6.746E-10 6.746E-10 6.746E-10 6.690E-10 6.663E-10 6.667E-10 6.669E-10 6.672E-10
 6.676E-10 6.680E-10 6.683E-10 6.680E-10 6.679E-10 6.681E-10 6.684E-10 6.686E-10
 6.688E-10
 6.783E-10 6.782E-10 6.781E-10 6.780E-10 6.780E-10 6.779E-10 6.779E-10 6.779E-10
 6.778E-10 6.778E-10 6.777E-10 6.711E-10 6.680E-10 6.684E-10 6.685E-10 6.688E-10
 6.692E-10 6.696E-10 6.699E-10 6.693E-10 6.690E-10 6.693E-10 6.696E-10 6.698E-10
 6.700E-10
 6.812E-10 6.811E-10 6.810E-10 6.810E-10 6.809E-10 6.808E-10 6.808E-10 6.807E-10
 6.807E-10 6.807E-10 6.806E-10 6.730E-10 6.696E-10 6.700E-10 6.700E-10 6.703E-10
 6.707E-10 6.711E-10 6.714E-10 6.705E-10 6.700E-10 6.703E-10 6.706E-10 6.708E-10
 6.710E-10
 6.839E-10 6.838E-10 6.837E-10 6.836E-10 6.836E-10 6.835E-10 6.835E-10 6.834E-10
 6.833E-10 6.833E-10 6.832E-10 6.748E-10 6.711E-10 6.715E-10 6.715E-10 6.717E-10
 6.721E-10 6.725E-10 6.729E-10 6.715E-10 6.708E-10 6.711E-10 6.714E-10 6.717E-10
 6.719E-10
 6.864E-10 6.863E-10 6.862E-10 6.862E-10 6.861E-10 6.860E-10 6.859E-10 6.859E-10
 6.858E-10 6.857E-10 6.857E-10 6.765E-10 6.726E-10 6.730E-10 6.729E-10 6.730E-10
 6.735E-10 6.739E-10 6.742E-10 6.725E-10 6.716E-10 6.719E-10 6.721E-10 6.724E-10
 6.726E-10
 6.888E-10 6.887E-10 6.886E-10 6.885E-10 6.884E-10 6.883E-10 6.883E-10 6.882E-10
 6.881E-10 6.880E-10 6.880E-10 6.781E-10 6.740E-10 6.744E-10 6.742E-10 6.743E-10
 6.748E-10 6.752E-10 6.756E-10 6.733E-10 6.722E-10 6.725E-10 6.728E-10 6.730E-10
 6.733E-10
 6.910E-10 6.909E-10 6.908E-10 6.907E-10 6.906E-10 6.905E-10 6.905E-10 6.904E-10
 6.903E-10 6.902E-10 6.901E-10 6.797E-10 6.754E-10 6.758E-10 6.755E-10 6.756E-10
 6.760E-10 6.765E-10 6.768E-10 6.741E-10 6.728E-10 6.731E-10 6.734E-10 6.736E-10
 6.739E-10
 7.089E-10 7.088E-10 7.087E-10 7.085E-10 7.084E-10 7.082E-10 7.081E-10 7.080E-10
 7.078E-10 7.077E-10 7.076E-10 6.935E-10 6.885E-10 6.890E-10 6.874E-10 6.870E-10
 6.874E-10 6.879E-10 6.882E-10 6.797E-10 6.762E-10 6.765E-10 6.768E-10 6.771E-10
 6.774E-10
 7.226E-10 7.225E-10 7.223E-10 7.222E-10 7.220E-10 7.218E-10 7.217E-10 7.215E-10
 7.214E-10 7.212E-10 7.210E-10 7.053E-10 7.002E-10 7.006E-10 6.975E-10 6.965E-10
 6.970E-10 6.974E-10 6.977E-10 6.831E-10 6.778E-10 6.781E-10 6.784E-10 6.787E-10
 6.790E-10
 7.341E-10 7.340E-10 7.338E-10 7.336E-10 7.334E-10 7.332E-10 7.330E-10 7.329E-10
 7.327E-10 7.325E-10 7.323E-10 7.156E-10 7.105E-10 7.110E-10 7.061E-10 7.047E-10
 7.051E-10 7.055E-10 7.057E-10 6.853E-10 6.787E-10 6.790E-10 6.793E-10 6.796E-10
 6.799E-10
 7.440E-10 7.439E-10 7.437E-10 7.435E-10 7.433E-10 7.431E-10 7.429E-10 7.427E-10
 7.425E-10 7.423E-10 7.421E-10 7.247E-10 7.196E-10 7.201E-10 7.136E-10 7.117E-10
 7.121E-10 7.125E-10 7.126E-10 6.869E-10 6.793E-10 6.796E-10 6.799E-10 6.802E-10
 6.805E-10
 7.527E-10 7.525E-10 7.523E-10 7.521E-10 7.519E-10 7.517E-10 7.515E-10 7.513E-10
 7.511E-10 7.509E-10 7.507E-10 7.328E-10 7.277E-10 7.281E-10 7.200E-10 7.178E-10
 7.181E-10 7.185E-10 7.186E-10 6.881E-10 6.797E-10 6.800E-10 6.803E-10 6.806E-10
 6.809E-10
 7.603E-10 7.602E-10 7.600E-10 7.597E-10 7.595E-10 7.593E-10 7.591E-10 7.589E-10
 7.587E-10 7.585E-10 7.583E-10 7.400E-10 7.349E-10 7.353E-10 7.257E-10 7.232E-10
 7.235E-10 7.238E-10 7.238E-10 6.891E-10 6.800E-10 6.803E-10 6.806E-10 6.809E-10
 6.812E-10
 7.671E-10 7.670E-10 7.667E-10 7.665E-10 7.663E-10 7.661E-10 7.658E-10 7.656E-10
 7.654E-10 7.652E-10 7.650E-10 7.464E-10 7.413E-10 7.416E-10 7.307E-10 7.279E-10
 7.282E-10 7.285E-10 7.284E-10 6.899E-10 6.803E-10 6.806E-10 6.809E-10 6.811E-10
 6.814E-10
 7.732E-10 7.731E-10 7.728E-10 7.726E-10 7.723E-10 7.721E-10 7.719E-10 7.717E-10
 7.714E-10 7.712E-10 7.710E-10 7.521E-10 7.470E-10 7.473E-10 7.351E-10 7.321E-10
 7.324E-10 7.327E-10 7.325E-10 6.905E-10 6.805E-10 6.808E-10 6.811E-10 6.813E-10
 6.816E-10
 7.787E-10 7.785E-10 7.783E-10 7.780E-10 7.778E-10 7.775E-10 7.773E-10 7.771E-10
 7.768E-10 7.766E-10 7.764E-10 7.572E-10 7.522E-10 7.524E-10 7.391E-10 7.360E-10
 7.362E-10 7.365E-10 7.362E-10 6.911E-10 6.807E-10 6.809E-10 6.812E-10 6.815E-10
 6.818E-10
 8.125E-10 8.123E-10 8.120E-10 8.118E-10 8.115E-10 8.112E-10 8.109E-10 8.106E-10
 8.104E-10 8.101E-10 8.098E-10 7.895E-10 7.842E-10 7.841E-10 7.647E-10 7.608E-10
 7.608E-10 7.608E-10 7.599E-10 6.948E-10 6.821E-10 6.823E-10 6.826E-10 6.829E-10
 6.832E-10
 8.293E-10 8.292E-10 8.289E-10 8.286E-10 8.283E-10 8.280E-10 8.277E-10 8.274E-10
 8.271E-10 8.268E-10 8.266E-10 8.060E-10 8.006E-10 8.002E-10 7.789E-10 7.749E-10
 7.747E-10 7.746E-10 7.734E-10 6.972E-10 6.834E-10 6.836E-10 6.839E-10 6.842E-10
 6.845E-10
 8.403E-10 8.402E-10 8.399E-10 8.396E-10 8.393E-10 8.390E-10 8.387E-10 8.384E-10
 8.381E-10 8.378E-10 8.375E-10 8.170E-10 8.115E-10 8.110E-10 7.891E-10 7.851E-10
 7.848E-10 7.846E-10 7.830E-10 6.994E-10 6.847E-10 6.849E-10 6.852E-10 6.854E-10
 6.858E-10
 8.488E-10 8.486E-10 8.483E-10 8.480E-10 8.477E-10 8.474E-10 8.471E-10 8.468E-10
 8.465E-10 8.462E-10 8.459E-10 8.255E-10 8.199E-10 8.193E-10 7.973E-10 7.933E-10
 7.929E-10 7.926E-10 7.909E-10 7.013E-10 6.859E-10 6.862E-10 6.864E-10 6.867E-10
 6.870E-10
 8.559E-10 8.558E-10 8.555E-10 8.552E-10 8.549E-10 8.546E-10 8.543E-10 8.540E-10
 8.537E-10 8.534E-10 8.531E-10 8.327E-10 8.271E-10 8.265E-10 8.044E-10 8.005E-10
 8.000E-10 7.997E-10 7.977E-10 7.032E-10 6.871E-10 6.874E-10 6.877E-10 6.879E-10
 6.882E-10
 8.623E-10 8.622E-10 8.619E-10 8.616E-10 8.613E-10 8.610E-10 8.607E-10 8.604E-10
 8.601E-10 8.598E-10 8.594E-10 8.392E-10 8.336E-10 8.328E-10 8.109E-10 8.070E-10
 8.064E-10 8.060E-10 8.039E-10 7.050E-10 6.883E-10 6.885E-10 6.888E-10 6.891E-10
 6.894E-10
--------------------------------------------------------------------------------
   20 /EREF=3.000E+03 /NREF=3.000E+12
--------------------------------------------------------------------------------
 1.000E+01 2.000E+01 3.000E+01 4.000E+01 5.000E+01 6.000E+01 7.000E+01 8.000E+01
 8.966E+01 1.000E+02 2.000E+02 3.000E+02 4.000E+02 5.000E+02 6.000E+02 7.000E+02
 8.000E+02 8.966E+02 1.000E+03 2.000E+03
--------------------------------------------------------------------------------
 8.832E-09 4.328E-09 2.787E-09 2.023E-09 1.571E-09 1.275E-09 1.066E-09 9.120E-10
 7.937E-10 7.002E-10 2.988E-10 1.773E-10 1.212E-10 8.979E-11 7.004E-11 5.665E-11
 4.707E-11 3.994E-11 3.445E-11 1.279E-11
--------------------------------------------------------------------------------
C
C
C     ADAS FILE TYPE : 	ADF21
C     SOURCE FILE    :  /home/anderson/adas/adf26/bnl99#he/bnl99#he_o8.dat          
C
C     USER ID	     :  anderson        
C
--------------------------------------------------------------------------------
 
C---------------------------------------------------------------------------------
C ADAS ADF21/bms99#he_slow DATA - SCCS info: @(#)$Header: /u/xshare/Attic/repos/codesys/source/adas/data/adf21/bms99#he_slow/gcrc23/gcrc23#he_o8.dat,v 1.1 2009-07-30 05:39:16 Marina Gorelenkova Exp $ Date $Date: 2009-07-30 05:39:16 $
C---------------------------------------------------------------------------------
