    5 /GCRC6=7.033E-10 /SPEC=B  /DATE=06/01/99 /CODE=ADAS313
--------------------------------------------------------------------------------
   25   25 /TREF=1.000E+02
--------------------------------------------------------------------------------
 5.000E+01 1.000E+02 2.000E+02 3.000E+02 4.000E+02 5.000E+02 6.000E+02 7.000E+02
 8.000E+02 9.000E+02 1.000E+03 2.000E+03 3.000E+03 4.000E+03 5.000E+03 6.000E+03
 7.000E+03 8.000E+03 9.000E+03 1.000E+04 1.100E+04 1.200E+04 1.300E+04 1.400E+04
 1.500E+04
 1.000E+11 2.000E+11 3.000E+11 4.000E+11 5.000E+11 6.000E+11 7.000E+11 8.000E+11
 9.000E+11 1.000E+12 2.000E+12 3.000E+12 4.000E+12 5.000E+12 6.000E+12 7.000E+12
 8.000E+12 9.000E+12 1.000E+13 2.000E+13 3.000E+13 4.000E+13 5.000E+13 6.000E+13
 7.000E+13
--------------------------------------------------------------------------------
 6.622E-10 6.621E-10 6.621E-10 6.621E-10 6.621E-10 6.621E-10 6.621E-10 6.621E-10
 6.621E-10 6.622E-10 6.622E-10 6.613E-10 6.609E-10 6.611E-10 6.614E-10 6.616E-10
 6.618E-10 6.620E-10 6.622E-10 6.623E-10 6.625E-10 6.626E-10 6.628E-10 6.629E-10
 6.631E-10
 6.674E-10 6.673E-10 6.673E-10 6.673E-10 6.673E-10 6.673E-10 6.673E-10 6.672E-10
 6.672E-10 6.672E-10 6.672E-10 6.652E-10 6.641E-10 6.645E-10 6.648E-10 6.651E-10
 6.654E-10 6.657E-10 6.660E-10 6.661E-10 6.662E-10 6.665E-10 6.667E-10 6.668E-10
 6.670E-10
 6.716E-10 6.716E-10 6.715E-10 6.715E-10 6.715E-10 6.715E-10 6.714E-10 6.714E-10
 6.714E-10 6.714E-10 6.714E-10 6.682E-10 6.666E-10 6.670E-10 6.673E-10 6.676E-10
 6.680E-10 6.683E-10 6.686E-10 6.687E-10 6.688E-10 6.690E-10 6.692E-10 6.694E-10
 6.696E-10
 6.753E-10 6.753E-10 6.752E-10 6.751E-10 6.751E-10 6.751E-10 6.750E-10 6.750E-10
 6.750E-10 6.750E-10 6.749E-10 6.707E-10 6.687E-10 6.691E-10 6.694E-10 6.697E-10
 6.701E-10 6.704E-10 6.708E-10 6.707E-10 6.707E-10 6.709E-10 6.711E-10 6.714E-10
 6.716E-10
 6.786E-10 6.785E-10 6.784E-10 6.784E-10 6.783E-10 6.783E-10 6.782E-10 6.782E-10
 6.782E-10 6.781E-10 6.781E-10 6.730E-10 6.705E-10 6.709E-10 6.712E-10 6.715E-10
 6.719E-10 6.723E-10 6.726E-10 6.724E-10 6.722E-10 6.725E-10 6.727E-10 6.729E-10
 6.731E-10
 6.816E-10 6.815E-10 6.814E-10 6.813E-10 6.812E-10 6.812E-10 6.811E-10 6.811E-10
 6.810E-10 6.810E-10 6.809E-10 6.751E-10 6.722E-10 6.727E-10 6.729E-10 6.732E-10
 6.736E-10 6.740E-10 6.743E-10 6.738E-10 6.735E-10 6.738E-10 6.740E-10 6.743E-10
 6.745E-10
 6.843E-10 6.842E-10 6.841E-10 6.840E-10 6.839E-10 6.839E-10 6.838E-10 6.837E-10
 6.837E-10 6.836E-10 6.835E-10 6.770E-10 6.739E-10 6.743E-10 6.745E-10 6.747E-10
 6.752E-10 6.756E-10 6.759E-10 6.751E-10 6.747E-10 6.749E-10 6.752E-10 6.754E-10
 6.756E-10
 6.868E-10 6.867E-10 6.866E-10 6.865E-10 6.864E-10 6.863E-10 6.863E-10 6.862E-10
 6.861E-10 6.860E-10 6.860E-10 6.788E-10 6.754E-10 6.759E-10 6.760E-10 6.762E-10
 6.766E-10 6.770E-10 6.774E-10 6.763E-10 6.757E-10 6.759E-10 6.762E-10 6.764E-10
 6.767E-10
 6.892E-10 6.891E-10 6.890E-10 6.888E-10 6.887E-10 6.887E-10 6.886E-10 6.885E-10
 6.884E-10 6.883E-10 6.882E-10 6.805E-10 6.770E-10 6.774E-10 6.774E-10 6.776E-10
 6.780E-10 6.785E-10 6.788E-10 6.774E-10 6.766E-10 6.768E-10 6.771E-10 6.773E-10
 6.776E-10
 6.914E-10 6.913E-10 6.912E-10 6.911E-10 6.910E-10 6.909E-10 6.908E-10 6.907E-10
 6.906E-10 6.905E-10 6.904E-10 6.822E-10 6.784E-10 6.789E-10 6.788E-10 6.789E-10
 6.794E-10 6.798E-10 6.801E-10 6.784E-10 6.774E-10 6.777E-10 6.779E-10 6.782E-10
 6.784E-10
 7.093E-10 7.092E-10 7.090E-10 7.088E-10 7.086E-10 7.085E-10 7.083E-10 7.081E-10
 7.080E-10 7.078E-10 7.077E-10 6.964E-10 6.917E-10 6.922E-10 6.911E-10 6.908E-10
 6.912E-10 6.917E-10 6.919E-10 6.860E-10 6.829E-10 6.832E-10 6.835E-10 6.837E-10
 6.840E-10
 7.230E-10 7.229E-10 7.226E-10 7.224E-10 7.222E-10 7.220E-10 7.218E-10 7.216E-10
 7.214E-10 7.212E-10 7.210E-10 7.084E-10 7.033E-10 7.038E-10 7.015E-10 7.006E-10
 7.010E-10 7.015E-10 7.015E-10 6.909E-10 6.860E-10 6.862E-10 6.865E-10 6.868E-10
 6.871E-10
 7.345E-10 7.343E-10 7.340E-10 7.338E-10 7.336E-10 7.333E-10 7.331E-10 7.329E-10
 7.327E-10 7.324E-10 7.322E-10 7.187E-10 7.136E-10 7.140E-10 7.103E-10 7.089E-10
 7.093E-10 7.098E-10 7.097E-10 6.944E-10 6.879E-10 6.881E-10 6.884E-10 6.887E-10
 6.890E-10
 7.443E-10 7.442E-10 7.439E-10 7.436E-10 7.434E-10 7.431E-10 7.429E-10 7.426E-10
 7.424E-10 7.422E-10 7.419E-10 7.279E-10 7.226E-10 7.231E-10 7.180E-10 7.160E-10
 7.165E-10 7.169E-10 7.166E-10 6.970E-10 6.892E-10 6.894E-10 6.897E-10 6.900E-10
 6.904E-10
 7.530E-10 7.528E-10 7.525E-10 7.523E-10 7.520E-10 7.517E-10 7.515E-10 7.512E-10
 7.510E-10 7.507E-10 7.505E-10 7.359E-10 7.306E-10 7.310E-10 7.246E-10 7.222E-10
 7.226E-10 7.230E-10 7.225E-10 6.991E-10 6.902E-10 6.904E-10 6.907E-10 6.910E-10
 6.913E-10
 7.607E-10 7.605E-10 7.602E-10 7.599E-10 7.596E-10 7.593E-10 7.590E-10 7.588E-10
 7.585E-10 7.582E-10 7.580E-10 7.431E-10 7.377E-10 7.381E-10 7.304E-10 7.276E-10
 7.280E-10 7.284E-10 7.277E-10 7.007E-10 6.909E-10 6.911E-10 6.914E-10 6.917E-10
 6.921E-10
 7.674E-10 7.673E-10 7.669E-10 7.666E-10 7.663E-10 7.660E-10 7.658E-10 7.655E-10
 7.652E-10 7.649E-10 7.647E-10 7.494E-10 7.440E-10 7.444E-10 7.354E-10 7.324E-10
 7.327E-10 7.331E-10 7.322E-10 7.020E-10 6.915E-10 6.917E-10 6.920E-10 6.923E-10
 6.927E-10
 7.735E-10 7.733E-10 7.730E-10 7.727E-10 7.724E-10 7.721E-10 7.718E-10 7.715E-10
 7.712E-10 7.709E-10 7.706E-10 7.552E-10 7.497E-10 7.500E-10 7.400E-10 7.366E-10
 7.369E-10 7.373E-10 7.362E-10 7.032E-10 6.920E-10 6.922E-10 6.925E-10 6.928E-10
 6.932E-10
 7.789E-10 7.788E-10 7.784E-10 7.781E-10 7.778E-10 7.775E-10 7.772E-10 7.769E-10
 7.766E-10 7.763E-10 7.760E-10 7.603E-10 7.548E-10 7.550E-10 7.440E-10 7.404E-10
 7.407E-10 7.410E-10 7.397E-10 7.041E-10 6.924E-10 6.926E-10 6.929E-10 6.932E-10
 6.936E-10
 8.127E-10 8.125E-10 8.121E-10 8.118E-10 8.114E-10 8.110E-10 8.107E-10 8.103E-10
 8.099E-10 8.096E-10 8.092E-10 7.923E-10 7.864E-10 7.861E-10 7.695E-10 7.648E-10
 7.647E-10 7.648E-10 7.623E-10 7.100E-10 6.951E-10 6.952E-10 6.956E-10 6.959E-10
 6.963E-10
 8.296E-10 8.294E-10 8.290E-10 8.286E-10 8.282E-10 8.278E-10 8.274E-10 8.270E-10
 8.266E-10 8.263E-10 8.259E-10 8.086E-10 8.024E-10 8.018E-10 7.834E-10 7.784E-10
 7.781E-10 7.780E-10 7.748E-10 7.135E-10 6.970E-10 6.972E-10 6.975E-10 6.978E-10
 6.982E-10
 8.406E-10 8.403E-10 8.399E-10 8.395E-10 8.391E-10 8.387E-10 8.383E-10 8.379E-10
 8.376E-10 8.372E-10 8.368E-10 8.194E-10 8.131E-10 8.123E-10 7.932E-10 7.882E-10
 7.878E-10 7.875E-10 7.837E-10 7.164E-10 6.988E-10 6.989E-10 6.992E-10 6.996E-10
 6.999E-10
 8.490E-10 8.488E-10 8.484E-10 8.480E-10 8.476E-10 8.472E-10 8.468E-10 8.464E-10
 8.460E-10 8.456E-10 8.452E-10 8.278E-10 8.214E-10 8.205E-10 8.011E-10 7.961E-10
 7.956E-10 7.952E-10 7.910E-10 7.189E-10 7.005E-10 7.006E-10 7.009E-10 7.012E-10
 7.016E-10
 8.561E-10 8.559E-10 8.555E-10 8.551E-10 8.547E-10 8.543E-10 8.539E-10 8.535E-10
 8.531E-10 8.527E-10 8.523E-10 8.350E-10 8.285E-10 8.275E-10 8.080E-10 8.030E-10
 8.024E-10 8.019E-10 7.974E-10 7.214E-10 7.021E-10 7.022E-10 7.026E-10 7.029E-10
 7.033E-10
 8.625E-10 8.623E-10 8.619E-10 8.615E-10 8.611E-10 8.607E-10 8.603E-10 8.599E-10
 8.595E-10 8.591E-10 8.587E-10 8.414E-10 8.349E-10 8.338E-10 8.143E-10 8.093E-10
 8.086E-10 8.080E-10 8.032E-10 7.237E-10 7.037E-10 7.038E-10 7.041E-10 7.044E-10
 7.048E-10
--------------------------------------------------------------------------------
   20 /EREF=3.000E+03 /NREF=3.000E+12
--------------------------------------------------------------------------------
 1.000E+01 2.000E+01 3.000E+01 4.000E+01 5.000E+01 6.000E+01 7.000E+01 8.000E+01
 8.966E+01 1.000E+02 2.000E+02 3.000E+02 4.000E+02 5.000E+02 6.000E+02 7.000E+02
 8.000E+02 8.966E+02 1.000E+03 2.000E+03
--------------------------------------------------------------------------------
 8.847E-09 4.339E-09 2.795E-09 2.030E-09 1.577E-09 1.280E-09 1.070E-09 9.158E-10
 7.971E-10 7.033E-10 3.005E-10 1.786E-10 1.222E-10 9.060E-11 7.072E-11 5.724E-11
 4.760E-11 4.040E-11 3.486E-11 1.297E-11
--------------------------------------------------------------------------------
C
C
C     ADAS FILE TYPE : 	ADF21
C     SOURCE FILE    :  /home/anderson/adas/adf26/bnl99#he/bnl99#he_b5.dat          
C
C     USER ID	     :  anderson        
C
--------------------------------------------------------------------------------
 
C---------------------------------------------------------------------------------
C ADAS ADF21/bms99#he_slow DATA - SCCS info: @(#)$Header: /u/xshare/Attic/repos/codesys/source/adas/data/adf21/bms99#he_slow/gcrc23/gcrc23#he_b5.dat,v 1.1 2009-07-30 05:39:15 Marina Gorelenkova Exp $ Date $Date: 2009-07-30 05:39:15 $
C---------------------------------------------------------------------------------
