    4 /GCRC7=4.004E-10 /SPEC=BE /DATE=06/01/99 /CODE=ADAS313
--------------------------------------------------------------------------------
   25   25 /TREF=1.000E+02
--------------------------------------------------------------------------------
 5.000E+01 1.000E+02 2.000E+02 3.000E+02 4.000E+02 5.000E+02 6.000E+02 7.000E+02
 8.000E+02 9.000E+02 1.000E+03 2.000E+03 3.000E+03 4.000E+03 5.000E+03 6.000E+03
 7.000E+03 8.000E+03 9.000E+03 1.000E+04 1.100E+04 1.200E+04 1.300E+04 1.400E+04
 1.500E+04
 1.000E+11 2.000E+11 3.000E+11 4.000E+11 5.000E+11 6.000E+11 7.000E+11 8.000E+11
 9.000E+11 1.000E+12 2.000E+12 3.000E+12 4.000E+12 5.000E+12 6.000E+12 7.000E+12
 8.000E+12 9.000E+12 1.000E+13 2.000E+13 3.000E+13 4.000E+13 5.000E+13 6.000E+13
 7.000E+13
--------------------------------------------------------------------------------
 5.034E-10 5.033E-10 5.031E-10 5.029E-10 5.027E-10 5.024E-10 5.022E-10 5.020E-10
 5.018E-10 5.016E-10 5.014E-10 4.935E-10 4.887E-10 4.886E-10 4.853E-10 4.830E-10
 4.832E-10 4.835E-10 4.836E-10 4.802E-10 4.775E-10 4.776E-10 4.777E-10 4.777E-10
 4.778E-10
 4.999E-10 4.998E-10 4.994E-10 4.991E-10 4.987E-10 4.984E-10 4.980E-10 4.977E-10
 4.974E-10 4.971E-10 4.967E-10 4.850E-10 4.780E-10 4.778E-10 4.717E-10 4.677E-10
 4.679E-10 4.683E-10 4.684E-10 4.617E-10 4.565E-10 4.566E-10 4.567E-10 4.569E-10
 4.570E-10
 4.965E-10 4.962E-10 4.958E-10 4.954E-10 4.949E-10 4.945E-10 4.941E-10 4.937E-10
 4.933E-10 4.929E-10 4.925E-10 4.784E-10 4.702E-10 4.699E-10 4.615E-10 4.561E-10
 4.564E-10 4.569E-10 4.569E-10 4.472E-10 4.398E-10 4.398E-10 4.400E-10 4.402E-10
 4.404E-10
 4.931E-10 4.928E-10 4.923E-10 4.918E-10 4.913E-10 4.909E-10 4.904E-10 4.899E-10
 4.895E-10 4.890E-10 4.886E-10 4.729E-10 4.640E-10 4.636E-10 4.533E-10 4.468E-10
 4.471E-10 4.476E-10 4.476E-10 4.350E-10 4.256E-10 4.257E-10 4.259E-10 4.262E-10
 4.264E-10
 4.898E-10 4.895E-10 4.890E-10 4.885E-10 4.879E-10 4.874E-10 4.869E-10 4.864E-10
 4.859E-10 4.854E-10 4.850E-10 4.681E-10 4.588E-10 4.583E-10 4.463E-10 4.389E-10
 4.393E-10 4.399E-10 4.397E-10 4.245E-10 4.133E-10 4.133E-10 4.137E-10 4.139E-10
 4.142E-10
 4.867E-10 4.864E-10 4.858E-10 4.852E-10 4.847E-10 4.841E-10 4.836E-10 4.831E-10
 4.826E-10 4.821E-10 4.815E-10 4.639E-10 4.542E-10 4.537E-10 4.402E-10 4.321E-10
 4.325E-10 4.331E-10 4.329E-10 4.152E-10 4.023E-10 4.024E-10 4.027E-10 4.030E-10
 4.034E-10
 4.836E-10 4.833E-10 4.827E-10 4.822E-10 4.816E-10 4.810E-10 4.804E-10 4.799E-10
 4.794E-10 4.788E-10 4.783E-10 4.600E-10 4.503E-10 4.497E-10 4.348E-10 4.261E-10
 4.265E-10 4.271E-10 4.268E-10 4.067E-10 3.925E-10 3.925E-10 3.929E-10 3.932E-10
 3.936E-10
 4.807E-10 4.804E-10 4.798E-10 4.792E-10 4.786E-10 4.780E-10 4.774E-10 4.769E-10
 4.763E-10 4.758E-10 4.752E-10 4.565E-10 4.467E-10 4.461E-10 4.299E-10 4.207E-10
 4.211E-10 4.217E-10 4.214E-10 3.990E-10 3.835E-10 3.835E-10 3.839E-10 3.843E-10
 3.847E-10
 4.779E-10 4.776E-10 4.770E-10 4.764E-10 4.757E-10 4.751E-10 4.745E-10 4.740E-10
 4.734E-10 4.729E-10 4.723E-10 4.532E-10 4.434E-10 4.427E-10 4.255E-10 4.158E-10
 4.162E-10 4.168E-10 4.164E-10 3.920E-10 3.752E-10 3.753E-10 3.757E-10 3.760E-10
 3.765E-10
 4.752E-10 4.749E-10 4.743E-10 4.736E-10 4.730E-10 4.724E-10 4.718E-10 4.712E-10
 4.706E-10 4.701E-10 4.695E-10 4.502E-10 4.403E-10 4.396E-10 4.213E-10 4.112E-10
 4.117E-10 4.123E-10 4.118E-10 3.854E-10 3.676E-10 3.676E-10 3.681E-10 3.684E-10
 3.689E-10
 4.521E-10 4.517E-10 4.510E-10 4.504E-10 4.497E-10 4.491E-10 4.484E-10 4.478E-10
 4.472E-10 4.466E-10 4.460E-10 4.264E-10 4.173E-10 4.163E-10 3.908E-10 3.785E-10
 3.789E-10 3.795E-10 3.783E-10 3.375E-10 3.135E-10 3.135E-10 3.140E-10 3.144E-10
 3.149E-10
 4.335E-10 4.332E-10 4.325E-10 4.319E-10 4.312E-10 4.306E-10 4.299E-10 4.293E-10
 4.287E-10 4.281E-10 4.275E-10 4.088E-10 4.004E-10 3.991E-10 3.696E-10 3.567E-10
 3.570E-10 3.575E-10 3.557E-10 3.069E-10 2.811E-10 2.810E-10 2.815E-10 2.819E-10
 2.824E-10
 4.177E-10 4.174E-10 4.168E-10 4.161E-10 4.155E-10 4.149E-10 4.142E-10 4.136E-10
 4.130E-10 4.125E-10 4.119E-10 3.941E-10 3.863E-10 3.847E-10 3.530E-10 3.401E-10
 3.402E-10 3.407E-10 3.384E-10 2.853E-10 2.593E-10 2.592E-10 2.596E-10 2.599E-10
 2.604E-10
 4.039E-10 4.036E-10 4.030E-10 4.023E-10 4.017E-10 4.011E-10 4.005E-10 3.999E-10
 3.994E-10 3.988E-10 3.982E-10 3.814E-10 3.740E-10 3.722E-10 3.393E-10 3.267E-10
 3.267E-10 3.270E-10 3.244E-10 2.691E-10 2.437E-10 2.435E-10 2.439E-10 2.442E-10
 2.446E-10
 3.916E-10 3.913E-10 3.907E-10 3.901E-10 3.895E-10 3.889E-10 3.883E-10 3.878E-10
 3.872E-10 3.866E-10 3.861E-10 3.701E-10 3.630E-10 3.611E-10 3.278E-10 3.155E-10
 3.155E-10 3.157E-10 3.129E-10 2.565E-10 2.319E-10 2.317E-10 2.320E-10 2.323E-10
 2.327E-10
 3.805E-10 3.802E-10 3.797E-10 3.791E-10 3.785E-10 3.779E-10 3.774E-10 3.768E-10
 3.763E-10 3.757E-10 3.752E-10 3.599E-10 3.532E-10 3.512E-10 3.178E-10 3.060E-10
 3.059E-10 3.061E-10 3.031E-10 2.464E-10 2.227E-10 2.225E-10 2.228E-10 2.231E-10
 2.235E-10
 3.705E-10 3.703E-10 3.697E-10 3.691E-10 3.686E-10 3.680E-10 3.675E-10 3.670E-10
 3.664E-10 3.659E-10 3.654E-10 3.508E-10 3.443E-10 3.422E-10 3.092E-10 2.979E-10
 2.977E-10 2.978E-10 2.947E-10 2.382E-10 2.154E-10 2.151E-10 2.154E-10 2.157E-10
 2.160E-10
 3.615E-10 3.612E-10 3.607E-10 3.601E-10 3.596E-10 3.591E-10 3.585E-10 3.580E-10
 3.575E-10 3.570E-10 3.564E-10 3.425E-10 3.363E-10 3.341E-10 3.016E-10 2.908E-10
 2.906E-10 2.906E-10 2.874E-10 2.314E-10 2.094E-10 2.091E-10 2.094E-10 2.096E-10
 2.100E-10
 3.532E-10 3.529E-10 3.524E-10 3.519E-10 3.514E-10 3.509E-10 3.503E-10 3.498E-10
 3.493E-10 3.488E-10 3.483E-10 3.350E-10 3.289E-10 3.268E-10 2.950E-10 2.846E-10
 2.844E-10 2.843E-10 2.810E-10 2.256E-10 2.044E-10 2.041E-10 2.044E-10 2.046E-10
 2.049E-10
 2.991E-10 2.989E-10 2.986E-10 2.982E-10 2.978E-10 2.974E-10 2.970E-10 2.966E-10
 2.963E-10 2.959E-10 2.955E-10 2.862E-10 2.818E-10 2.797E-10 2.554E-10 2.484E-10
 2.479E-10 2.476E-10 2.442E-10 1.958E-10 1.796E-10 1.794E-10 1.796E-10 1.797E-10
 1.799E-10
 2.719E-10 2.717E-10 2.714E-10 2.711E-10 2.708E-10 2.705E-10 2.702E-10 2.699E-10
 2.696E-10 2.693E-10 2.689E-10 2.619E-10 2.584E-10 2.566E-10 2.374E-10 2.322E-10
 2.317E-10 2.313E-10 2.279E-10 1.844E-10 1.705E-10 1.703E-10 1.705E-10 1.706E-10
 1.707E-10
 2.558E-10 2.557E-10 2.554E-10 2.552E-10 2.549E-10 2.547E-10 2.544E-10 2.542E-10
 2.539E-10 2.536E-10 2.534E-10 2.476E-10 2.447E-10 2.431E-10 2.273E-10 2.230E-10
 2.225E-10 2.221E-10 2.188E-10 1.783E-10 1.658E-10 1.657E-10 1.658E-10 1.659E-10
 1.660E-10
 2.453E-10 2.452E-10 2.450E-10 2.448E-10 2.446E-10 2.443E-10 2.441E-10 2.439E-10
 2.437E-10 2.434E-10 2.432E-10 2.383E-10 2.358E-10 2.343E-10 2.208E-10 2.171E-10
 2.166E-10 2.162E-10 2.130E-10 1.746E-10 1.630E-10 1.628E-10 1.629E-10 1.630E-10
 1.631E-10
 2.380E-10 2.379E-10 2.377E-10 2.375E-10 2.373E-10 2.371E-10 2.369E-10 2.367E-10
 2.365E-10 2.363E-10 2.361E-10 2.318E-10 2.296E-10 2.282E-10 2.163E-10 2.131E-10
 2.125E-10 2.121E-10 2.090E-10 1.721E-10 1.610E-10 1.609E-10 1.610E-10 1.611E-10
 1.612E-10
 2.326E-10 2.325E-10 2.323E-10 2.322E-10 2.320E-10 2.318E-10 2.316E-10 2.314E-10
 2.313E-10 2.311E-10 2.309E-10 2.271E-10 2.250E-10 2.237E-10 2.130E-10 2.101E-10
 2.096E-10 2.091E-10 2.061E-10 1.703E-10 1.597E-10 1.595E-10 1.596E-10 1.597E-10
 1.598E-10
--------------------------------------------------------------------------------
   20 /EREF=3.000E+03 /NREF=3.000E+12
--------------------------------------------------------------------------------
 1.000E+01 2.000E+01 3.000E+01 4.000E+01 5.000E+01 6.000E+01 7.000E+01 8.000E+01
 8.966E+01 1.000E+02 2.000E+02 3.000E+02 4.000E+02 5.000E+02 6.000E+02 7.000E+02
 8.000E+02 8.966E+02 1.000E+03 2.000E+03
--------------------------------------------------------------------------------
 3.940E-10 7.251E-10 7.597E-10 7.129E-10 6.491E-10 5.865E-10 5.301E-10 4.806E-10
 4.377E-10 4.004E-10 2.023E-10 1.281E-10 9.089E-11 6.907E-11 5.493E-11 4.508E-11
 3.793E-11 3.252E-11 2.832E-11 1.103E-11
--------------------------------------------------------------------------------
C
C
C     ADAS FILE TYPE : 	ADF21
C     SOURCE FILE    :  /home/anderson/adas/adf26/bnl99#he/bnl99#he_be4.dat         
C
C     USER ID	     :  anderson        
C
--------------------------------------------------------------------------------
 
C---------------------------------------------------------------------------------
C ADAS ADF21/bms99#he_slow DATA - SCCS info: @(#)$Header: /u/xshare/Attic/repos/codesys/source/adas/data/adf21/bms99#he_slow/gcrc31/gcrc31#he_be4.dat,v 1.1 2009-07-30 05:38:53 Marina Gorelenkova Exp $ Date $Date: 2009-07-30 05:38:53 $
C---------------------------------------------------------------------------------
