    5 /GCRC7=3.992E-10 /SPEC=B  /DATE=06/01/99 /CODE=ADAS313
--------------------------------------------------------------------------------
   25   25 /TREF=1.000E+02
--------------------------------------------------------------------------------
 5.000E+01 1.000E+02 2.000E+02 3.000E+02 4.000E+02 5.000E+02 6.000E+02 7.000E+02
 8.000E+02 9.000E+02 1.000E+03 2.000E+03 3.000E+03 4.000E+03 5.000E+03 6.000E+03
 7.000E+03 8.000E+03 9.000E+03 1.000E+04 1.100E+04 1.200E+04 1.300E+04 1.400E+04
 1.500E+04
 1.000E+11 2.000E+11 3.000E+11 4.000E+11 5.000E+11 6.000E+11 7.000E+11 8.000E+11
 9.000E+11 1.000E+12 2.000E+12 3.000E+12 4.000E+12 5.000E+12 6.000E+12 7.000E+12
 8.000E+12 9.000E+12 1.000E+13 2.000E+13 3.000E+13 4.000E+13 5.000E+13 6.000E+13
 7.000E+13
--------------------------------------------------------------------------------
 5.034E-10 5.033E-10 5.031E-10 5.029E-10 5.027E-10 5.025E-10 5.023E-10 5.021E-10
 5.019E-10 5.017E-10 5.015E-10 4.922E-10 4.867E-10 4.867E-10 4.827E-10 4.801E-10
 4.804E-10 4.808E-10 4.810E-10 4.768E-10 4.735E-10 4.737E-10 4.739E-10 4.740E-10
 4.742E-10
 4.999E-10 4.997E-10 4.994E-10 4.991E-10 4.988E-10 4.985E-10 4.981E-10 4.978E-10
 4.975E-10 4.972E-10 4.969E-10 4.834E-10 4.755E-10 4.755E-10 4.682E-10 4.635E-10
 4.639E-10 4.645E-10 4.647E-10 4.565E-10 4.502E-10 4.505E-10 4.507E-10 4.510E-10
 4.512E-10
 4.964E-10 4.962E-10 4.958E-10 4.954E-10 4.950E-10 4.946E-10 4.943E-10 4.939E-10
 4.935E-10 4.931E-10 4.928E-10 4.767E-10 4.675E-10 4.674E-10 4.574E-10 4.512E-10
 4.517E-10 4.524E-10 4.526E-10 4.406E-10 4.317E-10 4.320E-10 4.324E-10 4.327E-10
 4.330E-10
 4.930E-10 4.928E-10 4.923E-10 4.919E-10 4.914E-10 4.910E-10 4.906E-10 4.902E-10
 4.897E-10 4.893E-10 4.889E-10 4.711E-10 4.612E-10 4.611E-10 4.487E-10 4.414E-10
 4.420E-10 4.427E-10 4.429E-10 4.274E-10 4.162E-10 4.165E-10 4.170E-10 4.173E-10
 4.177E-10
 4.897E-10 4.895E-10 4.890E-10 4.885E-10 4.880E-10 4.876E-10 4.871E-10 4.867E-10
 4.862E-10 4.858E-10 4.853E-10 4.662E-10 4.560E-10 4.559E-10 4.415E-10 4.332E-10
 4.338E-10 4.346E-10 4.348E-10 4.160E-10 4.028E-10 4.031E-10 4.036E-10 4.040E-10
 4.044E-10
 4.866E-10 4.863E-10 4.858E-10 4.853E-10 4.848E-10 4.843E-10 4.838E-10 4.833E-10
 4.829E-10 4.824E-10 4.819E-10 4.620E-10 4.516E-10 4.514E-10 4.352E-10 4.262E-10
 4.268E-10 4.276E-10 4.278E-10 4.060E-10 3.910E-10 3.913E-10 3.918E-10 3.922E-10
 3.927E-10
 4.835E-10 4.833E-10 4.827E-10 4.822E-10 4.817E-10 4.812E-10 4.807E-10 4.802E-10
 4.797E-10 4.792E-10 4.787E-10 4.581E-10 4.477E-10 4.474E-10 4.297E-10 4.200E-10
 4.206E-10 4.215E-10 4.216E-10 3.970E-10 3.803E-10 3.807E-10 3.812E-10 3.817E-10
 3.822E-10
 4.806E-10 4.803E-10 4.798E-10 4.793E-10 4.787E-10 4.782E-10 4.777E-10 4.772E-10
 4.767E-10 4.762E-10 4.757E-10 4.546E-10 4.442E-10 4.438E-10 4.247E-10 4.145E-10
 4.151E-10 4.160E-10 4.160E-10 3.887E-10 3.707E-10 3.711E-10 3.716E-10 3.721E-10
 3.727E-10
 4.778E-10 4.775E-10 4.770E-10 4.764E-10 4.759E-10 4.753E-10 4.748E-10 4.743E-10
 4.738E-10 4.733E-10 4.728E-10 4.513E-10 4.409E-10 4.406E-10 4.201E-10 4.095E-10
 4.101E-10 4.110E-10 4.110E-10 3.812E-10 3.620E-10 3.623E-10 3.629E-10 3.634E-10
 3.640E-10
 4.751E-10 4.748E-10 4.743E-10 4.737E-10 4.731E-10 4.726E-10 4.721E-10 4.715E-10
 4.710E-10 4.705E-10 4.700E-10 4.483E-10 4.380E-10 4.376E-10 4.159E-10 4.049E-10
 4.056E-10 4.064E-10 4.063E-10 3.743E-10 3.539E-10 3.543E-10 3.549E-10 3.554E-10
 3.560E-10
 4.520E-10 4.517E-10 4.511E-10 4.505E-10 4.499E-10 4.493E-10 4.488E-10 4.482E-10
 4.476E-10 4.471E-10 4.465E-10 4.248E-10 4.157E-10 4.149E-10 3.851E-10 3.722E-10
 3.728E-10 3.736E-10 3.729E-10 3.244E-10 2.983E-10 2.985E-10 2.991E-10 2.997E-10
 3.003E-10
 4.334E-10 4.331E-10 4.325E-10 4.320E-10 4.314E-10 4.308E-10 4.303E-10 4.297E-10
 4.292E-10 4.286E-10 4.281E-10 4.075E-10 3.992E-10 3.981E-10 3.641E-10 3.508E-10
 3.512E-10 3.519E-10 3.507E-10 2.935E-10 2.663E-10 2.665E-10 2.670E-10 2.675E-10
 2.681E-10
 4.176E-10 4.173E-10 4.168E-10 4.162E-10 4.157E-10 4.151E-10 4.146E-10 4.140E-10
 4.135E-10 4.130E-10 4.124E-10 3.930E-10 3.854E-10 3.841E-10 3.477E-10 3.346E-10
 3.349E-10 3.355E-10 3.339E-10 2.722E-10 2.454E-10 2.455E-10 2.460E-10 2.464E-10
 2.470E-10
 4.038E-10 4.035E-10 4.030E-10 4.025E-10 4.019E-10 4.014E-10 4.009E-10 4.003E-10
 3.998E-10 3.993E-10 3.988E-10 3.805E-10 3.733E-10 3.718E-10 3.343E-10 3.216E-10
 3.218E-10 3.223E-10 3.204E-10 2.566E-10 2.307E-10 2.308E-10 2.312E-10 2.316E-10
 2.321E-10
 3.915E-10 3.912E-10 3.907E-10 3.902E-10 3.897E-10 3.892E-10 3.887E-10 3.881E-10
 3.876E-10 3.871E-10 3.866E-10 3.693E-10 3.625E-10 3.609E-10 3.230E-10 3.109E-10
 3.110E-10 3.113E-10 3.092E-10 2.445E-10 2.198E-10 2.198E-10 2.202E-10 2.206E-10
 2.210E-10
 3.804E-10 3.802E-10 3.797E-10 3.792E-10 3.787E-10 3.782E-10 3.777E-10 3.772E-10
 3.767E-10 3.762E-10 3.757E-10 3.593E-10 3.528E-10 3.511E-10 3.133E-10 3.018E-10
 3.018E-10 3.021E-10 2.998E-10 2.350E-10 2.114E-10 2.114E-10 2.118E-10 2.121E-10
 2.125E-10
 3.705E-10 3.702E-10 3.697E-10 3.693E-10 3.688E-10 3.683E-10 3.678E-10 3.673E-10
 3.669E-10 3.664E-10 3.659E-10 3.502E-10 3.440E-10 3.423E-10 3.050E-10 2.940E-10
 2.939E-10 2.941E-10 2.917E-10 2.273E-10 2.047E-10 2.047E-10 2.050E-10 2.053E-10
 2.057E-10
 3.614E-10 3.612E-10 3.607E-10 3.602E-10 3.598E-10 3.593E-10 3.588E-10 3.584E-10
 3.579E-10 3.574E-10 3.570E-10 3.420E-10 3.361E-10 3.343E-10 2.976E-10 2.872E-10
 2.871E-10 2.872E-10 2.847E-10 2.210E-10 1.993E-10 1.993E-10 1.996E-10 1.999E-10
 2.002E-10
 3.531E-10 3.529E-10 3.525E-10 3.520E-10 3.516E-10 3.511E-10 3.507E-10 3.502E-10
 3.498E-10 3.493E-10 3.489E-10 3.346E-10 3.288E-10 3.270E-10 2.912E-10 2.812E-10
 2.811E-10 2.812E-10 2.786E-10 2.157E-10 1.948E-10 1.948E-10 1.951E-10 1.953E-10
 1.957E-10
 2.991E-10 2.989E-10 2.986E-10 2.983E-10 2.980E-10 2.976E-10 2.973E-10 2.969E-10
 2.966E-10 2.963E-10 2.959E-10 2.861E-10 2.820E-10 2.802E-10 2.531E-10 2.466E-10
 2.462E-10 2.460E-10 2.432E-10 1.886E-10 1.730E-10 1.729E-10 1.731E-10 1.733E-10
 1.735E-10
 2.718E-10 2.717E-10 2.715E-10 2.712E-10 2.709E-10 2.707E-10 2.704E-10 2.701E-10
 2.699E-10 2.696E-10 2.693E-10 2.619E-10 2.586E-10 2.571E-10 2.359E-10 2.310E-10
 2.306E-10 2.303E-10 2.275E-10 1.783E-10 1.651E-10 1.650E-10 1.652E-10 1.653E-10
 1.655E-10
 2.558E-10 2.557E-10 2.555E-10 2.553E-10 2.550E-10 2.548E-10 2.546E-10 2.544E-10
 2.541E-10 2.539E-10 2.537E-10 2.477E-10 2.450E-10 2.436E-10 2.262E-10 2.222E-10
 2.218E-10 2.214E-10 2.187E-10 1.729E-10 1.610E-10 1.610E-10 1.611E-10 1.612E-10
 1.613E-10
 2.453E-10 2.452E-10 2.450E-10 2.449E-10 2.447E-10 2.445E-10 2.443E-10 2.441E-10
 2.439E-10 2.437E-10 2.435E-10 2.384E-10 2.361E-10 2.348E-10 2.199E-10 2.165E-10
 2.161E-10 2.157E-10 2.131E-10 1.696E-10 1.585E-10 1.585E-10 1.586E-10 1.587E-10
 1.588E-10
 2.380E-10 2.379E-10 2.377E-10 2.376E-10 2.374E-10 2.372E-10 2.371E-10 2.369E-10
 2.367E-10 2.365E-10 2.364E-10 2.319E-10 2.298E-10 2.287E-10 2.156E-10 2.126E-10
 2.122E-10 2.118E-10 2.092E-10 1.674E-10 1.569E-10 1.568E-10 1.569E-10 1.570E-10
 1.572E-10
 2.326E-10 2.325E-10 2.324E-10 2.322E-10 2.321E-10 2.319E-10 2.317E-10 2.316E-10
 2.314E-10 2.313E-10 2.311E-10 2.272E-10 2.253E-10 2.242E-10 2.124E-10 2.097E-10
 2.093E-10 2.089E-10 2.063E-10 1.658E-10 1.557E-10 1.556E-10 1.557E-10 1.558E-10
 1.560E-10
--------------------------------------------------------------------------------
   20 /EREF=3.000E+03 /NREF=3.000E+12
--------------------------------------------------------------------------------
 1.000E+01 2.000E+01 3.000E+01 4.000E+01 5.000E+01 6.000E+01 7.000E+01 8.000E+01
 8.966E+01 1.000E+02 2.000E+02 3.000E+02 4.000E+02 5.000E+02 6.000E+02 7.000E+02
 8.000E+02 8.966E+02 1.000E+03 2.000E+03
--------------------------------------------------------------------------------
 3.930E-10 7.230E-10 7.575E-10 7.108E-10 6.471E-10 5.847E-10 5.284E-10 4.791E-10
 4.363E-10 3.992E-10 2.016E-10 1.277E-10 9.063E-11 6.887E-11 5.478E-11 4.502E-11
 3.787E-11 3.247E-11 2.826E-11 1.101E-11
--------------------------------------------------------------------------------
C
C
C     ADAS FILE TYPE : 	ADF21
C     SOURCE FILE    :  /home/anderson/adas/adf26/bnl99#he/bnl99#he_b5.dat          
C
C     USER ID	     :  anderson        
C
--------------------------------------------------------------------------------
 
C---------------------------------------------------------------------------------
C ADAS ADF21/bms99#he_slow DATA - SCCS info: @(#)$Header: /u/xshare/Attic/repos/codesys/source/adas/data/adf21/bms99#he_slow/gcrc31/gcrc31#he_b5.dat,v 1.1 2009-07-30 05:38:53 Marina Gorelenkova Exp $ Date $Date: 2009-07-30 05:38:53 $
C---------------------------------------------------------------------------------
