    8 /GCRC7=3.967E-10 /SPEC=O  /DATE=06/01/99 /CODE=ADAS313
--------------------------------------------------------------------------------
   25   25 /TREF=1.000E+02
--------------------------------------------------------------------------------
 5.000E+01 1.000E+02 2.000E+02 3.000E+02 4.000E+02 5.000E+02 6.000E+02 7.000E+02
 8.000E+02 9.000E+02 1.000E+03 2.000E+03 3.000E+03 4.000E+03 5.000E+03 6.000E+03
 7.000E+03 8.000E+03 9.000E+03 1.000E+04 1.100E+04 1.200E+04 1.300E+04 1.400E+04
 1.500E+04
 1.000E+11 2.000E+11 3.000E+11 4.000E+11 5.000E+11 6.000E+11 7.000E+11 8.000E+11
 9.000E+11 1.000E+12 2.000E+12 3.000E+12 4.000E+12 5.000E+12 6.000E+12 7.000E+12
 8.000E+12 9.000E+12 1.000E+13 2.000E+13 3.000E+13 4.000E+13 5.000E+13 6.000E+13
 7.000E+13
--------------------------------------------------------------------------------
 5.033E-10 5.032E-10 5.030E-10 5.029E-10 5.027E-10 5.025E-10 5.024E-10 5.022E-10
 5.020E-10 5.018E-10 5.017E-10 4.888E-10 4.814E-10 4.818E-10 4.757E-10 4.720E-10
 4.727E-10 4.735E-10 4.740E-10 4.674E-10 4.624E-10 4.629E-10 4.633E-10 4.636E-10
 4.640E-10
 4.997E-10 4.996E-10 4.993E-10 4.991E-10 4.989E-10 4.986E-10 4.983E-10 4.981E-10
 4.978E-10 4.976E-10 4.973E-10 4.791E-10 4.692E-10 4.696E-10 4.587E-10 4.525E-10
 4.533E-10 4.543E-10 4.551E-10 4.422E-10 4.330E-10 4.336E-10 4.342E-10 4.347E-10
 4.352E-10
 4.962E-10 4.960E-10 4.957E-10 4.954E-10 4.951E-10 4.948E-10 4.945E-10 4.942E-10
 4.939E-10 4.936E-10 4.933E-10 4.719E-10 4.610E-10 4.614E-10 4.466E-10 4.386E-10
 4.396E-10 4.407E-10 4.416E-10 4.229E-10 4.102E-10 4.110E-10 4.117E-10 4.123E-10
 4.129E-10
 4.928E-10 4.926E-10 4.923E-10 4.919E-10 4.916E-10 4.912E-10 4.909E-10 4.906E-10
 4.902E-10 4.899E-10 4.896E-10 4.661E-10 4.548E-10 4.551E-10 4.371E-10 4.279E-10
 4.289E-10 4.301E-10 4.310E-10 4.072E-10 3.915E-10 3.923E-10 3.931E-10 3.938E-10
 3.945E-10
 4.895E-10 4.893E-10 4.889E-10 4.886E-10 4.882E-10 4.878E-10 4.875E-10 4.871E-10
 4.867E-10 4.864E-10 4.860E-10 4.612E-10 4.498E-10 4.501E-10 4.293E-10 4.192E-10
 4.202E-10 4.214E-10 4.224E-10 3.938E-10 3.757E-10 3.765E-10 3.774E-10 3.781E-10
 3.788E-10
 4.863E-10 4.861E-10 4.857E-10 4.854E-10 4.850E-10 4.846E-10 4.842E-10 4.838E-10
 4.834E-10 4.831E-10 4.827E-10 4.569E-10 4.456E-10 4.458E-10 4.226E-10 4.118E-10
 4.128E-10 4.141E-10 4.150E-10 3.821E-10 3.620E-10 3.628E-10 3.637E-10 3.644E-10
 3.652E-10
 4.833E-10 4.831E-10 4.827E-10 4.823E-10 4.819E-10 4.815E-10 4.811E-10 4.807E-10
 4.803E-10 4.799E-10 4.795E-10 4.531E-10 4.419E-10 4.421E-10 4.168E-10 4.054E-10
 4.064E-10 4.077E-10 4.086E-10 3.717E-10 3.499E-10 3.508E-10 3.517E-10 3.524E-10
 3.532E-10
 4.804E-10 4.802E-10 4.798E-10 4.794E-10 4.789E-10 4.785E-10 4.781E-10 4.777E-10
 4.773E-10 4.769E-10 4.765E-10 4.497E-10 4.386E-10 4.387E-10 4.116E-10 3.998E-10
 4.008E-10 4.021E-10 4.030E-10 3.624E-10 3.392E-10 3.401E-10 3.409E-10 3.417E-10
 3.425E-10
 4.776E-10 4.773E-10 4.769E-10 4.765E-10 4.761E-10 4.757E-10 4.753E-10 4.749E-10
 4.744E-10 4.740E-10 4.736E-10 4.465E-10 4.356E-10 4.357E-10 4.069E-10 3.947E-10
 3.957E-10 3.970E-10 3.979E-10 3.540E-10 3.296E-10 3.305E-10 3.313E-10 3.321E-10
 3.329E-10
 4.748E-10 4.746E-10 4.742E-10 4.738E-10 4.734E-10 4.730E-10 4.725E-10 4.721E-10
 4.717E-10 4.713E-10 4.708E-10 4.435E-10 4.329E-10 4.329E-10 4.026E-10 3.902E-10
 3.911E-10 3.924E-10 3.932E-10 3.463E-10 3.209E-10 3.218E-10 3.226E-10 3.234E-10
 3.243E-10
 4.517E-10 4.515E-10 4.510E-10 4.506E-10 4.502E-10 4.497E-10 4.493E-10 4.488E-10
 4.484E-10 4.480E-10 4.475E-10 4.209E-10 4.122E-10 4.118E-10 3.718E-10 3.584E-10
 3.592E-10 3.603E-10 3.608E-10 2.936E-10 2.646E-10 2.653E-10 2.661E-10 2.668E-10
 2.675E-10
 4.332E-10 4.329E-10 4.325E-10 4.321E-10 4.317E-10 4.312E-10 4.308E-10 4.304E-10
 4.299E-10 4.295E-10 4.291E-10 4.043E-10 3.967E-10 3.960E-10 3.513E-10 3.383E-10
 3.389E-10 3.398E-10 3.400E-10 2.634E-10 2.352E-10 2.359E-10 2.365E-10 2.370E-10
 2.377E-10
 4.174E-10 4.172E-10 4.168E-10 4.164E-10 4.160E-10 4.156E-10 4.151E-10 4.147E-10
 4.143E-10 4.139E-10 4.135E-10 3.903E-10 3.835E-10 3.826E-10 3.357E-10 3.233E-10
 3.238E-10 3.246E-10 3.245E-10 2.437E-10 2.172E-10 2.177E-10 2.182E-10 2.187E-10
 2.193E-10
 4.036E-10 4.034E-10 4.030E-10 4.026E-10 4.022E-10 4.018E-10 4.014E-10 4.010E-10
 4.006E-10 4.002E-10 3.998E-10 3.782E-10 3.718E-10 3.708E-10 3.230E-10 3.114E-10
 3.118E-10 3.124E-10 3.121E-10 2.297E-10 2.050E-10 2.055E-10 2.059E-10 2.063E-10
 2.068E-10
 3.913E-10 3.911E-10 3.907E-10 3.904E-10 3.900E-10 3.896E-10 3.892E-10 3.888E-10
 3.884E-10 3.880E-10 3.876E-10 3.673E-10 3.613E-10 3.603E-10 3.125E-10 3.016E-10
 3.019E-10 3.024E-10 3.020E-10 2.193E-10 1.962E-10 1.966E-10 1.970E-10 1.974E-10
 1.978E-10
 3.803E-10 3.801E-10 3.797E-10 3.794E-10 3.790E-10 3.786E-10 3.782E-10 3.779E-10
 3.775E-10 3.771E-10 3.767E-10 3.575E-10 3.519E-10 3.508E-10 3.035E-10 2.934E-10
 2.935E-10 2.939E-10 2.934E-10 2.113E-10 1.896E-10 1.900E-10 1.903E-10 1.907E-10
 1.911E-10
 3.703E-10 3.701E-10 3.698E-10 3.694E-10 3.691E-10 3.687E-10 3.683E-10 3.680E-10
 3.676E-10 3.672E-10 3.669E-10 3.487E-10 3.434E-10 3.422E-10 2.958E-10 2.863E-10
 2.864E-10 2.867E-10 2.861E-10 2.049E-10 1.845E-10 1.848E-10 1.851E-10 1.854E-10
 1.858E-10
 3.612E-10 3.611E-10 3.607E-10 3.604E-10 3.601E-10 3.597E-10 3.594E-10 3.590E-10
 3.586E-10 3.583E-10 3.579E-10 3.407E-10 3.356E-10 3.343E-10 2.891E-10 2.801E-10
 2.802E-10 2.804E-10 2.797E-10 1.997E-10 1.803E-10 1.806E-10 1.809E-10 1.812E-10
 1.815E-10
 3.530E-10 3.528E-10 3.525E-10 3.522E-10 3.518E-10 3.515E-10 3.512E-10 3.508E-10
 3.505E-10 3.501E-10 3.498E-10 3.334E-10 3.285E-10 3.272E-10 2.832E-10 2.747E-10
 2.747E-10 2.749E-10 2.741E-10 1.954E-10 1.769E-10 1.772E-10 1.775E-10 1.777E-10
 1.781E-10
 2.990E-10 2.989E-10 2.987E-10 2.984E-10 2.982E-10 2.979E-10 2.977E-10 2.974E-10
 2.972E-10 2.969E-10 2.966E-10 2.857E-10 2.823E-10 2.810E-10 2.485E-10 2.432E-10
 2.430E-10 2.429E-10 2.418E-10 1.741E-10 1.608E-10 1.610E-10 1.612E-10 1.613E-10
 1.615E-10
 2.718E-10 2.717E-10 2.715E-10 2.713E-10 2.711E-10 2.709E-10 2.707E-10 2.705E-10
 2.703E-10 2.701E-10 2.699E-10 2.617E-10 2.591E-10 2.579E-10 2.327E-10 2.289E-10
 2.286E-10 2.284E-10 2.273E-10 1.663E-10 1.552E-10 1.553E-10 1.554E-10 1.555E-10
 1.557E-10
 2.557E-10 2.557E-10 2.555E-10 2.554E-10 2.552E-10 2.550E-10 2.549E-10 2.547E-10
 2.545E-10 2.544E-10 2.542E-10 2.476E-10 2.454E-10 2.444E-10 2.238E-10 2.207E-10
 2.204E-10 2.202E-10 2.190E-10 1.622E-10 1.523E-10 1.524E-10 1.525E-10 1.526E-10
 1.527E-10
 2.453E-10 2.452E-10 2.451E-10 2.449E-10 2.448E-10 2.447E-10 2.445E-10 2.444E-10
 2.442E-10 2.441E-10 2.439E-10 2.384E-10 2.365E-10 2.356E-10 2.181E-10 2.155E-10
 2.151E-10 2.149E-10 2.137E-10 1.597E-10 1.505E-10 1.506E-10 1.507E-10 1.508E-10
 1.509E-10
 2.379E-10 2.379E-10 2.378E-10 2.377E-10 2.375E-10 2.374E-10 2.373E-10 2.372E-10
 2.370E-10 2.369E-10 2.368E-10 2.320E-10 2.303E-10 2.294E-10 2.141E-10 2.118E-10
 2.114E-10 2.112E-10 2.100E-10 1.581E-10 1.494E-10 1.494E-10 1.495E-10 1.496E-10
 1.498E-10
 2.325E-10 2.325E-10 2.324E-10 2.323E-10 2.322E-10 2.321E-10 2.319E-10 2.318E-10
 2.317E-10 2.316E-10 2.315E-10 2.272E-10 2.257E-10 2.249E-10 2.111E-10 2.091E-10
 2.087E-10 2.084E-10 2.073E-10 1.569E-10 1.485E-10 1.486E-10 1.487E-10 1.488E-10
 1.489E-10
--------------------------------------------------------------------------------
   20 /EREF=3.000E+03 /NREF=3.000E+12
--------------------------------------------------------------------------------
 1.000E+01 2.000E+01 3.000E+01 4.000E+01 5.000E+01 6.000E+01 7.000E+01 8.000E+01
 8.966E+01 1.000E+02 2.000E+02 3.000E+02 4.000E+02 5.000E+02 6.000E+02 7.000E+02
 8.000E+02 8.966E+02 1.000E+03 2.000E+03
--------------------------------------------------------------------------------
 3.910E-10 7.187E-10 7.528E-10 7.063E-10 6.430E-10 5.810E-10 5.251E-10 4.761E-10
 4.335E-10 3.967E-10 2.004E-10 1.269E-10 9.008E-11 6.848E-11 5.449E-11 4.478E-11
 3.771E-11 3.237E-11 2.821E-11 1.107E-11
--------------------------------------------------------------------------------
C
C
C     ADAS FILE TYPE : 	ADF21
C     SOURCE FILE    :  /home/anderson/adas/adf26/bnl99#he/bnl99#he_o8.dat          
C
C     USER ID	     :  anderson        
C
--------------------------------------------------------------------------------
 
C---------------------------------------------------------------------------------
C ADAS ADF21/bms99#he_slow DATA - SCCS info: @(#)$Header: /u/xshare/Attic/repos/codesys/source/adas/data/adf21/bms99#he_slow/gcrc31/gcrc31#he_o8.dat,v 1.1 2009-07-30 05:38:54 Marina Gorelenkova Exp $ Date $Date: 2009-07-30 05:38:54 $
C---------------------------------------------------------------------------------
