    7 /GCRC7=3.974E-10 /SPEC=N  /DATE=06/01/99 /CODE=ADAS313
--------------------------------------------------------------------------------
   25   25 /TREF=1.000E+02
--------------------------------------------------------------------------------
 5.000E+01 1.000E+02 2.000E+02 3.000E+02 4.000E+02 5.000E+02 6.000E+02 7.000E+02
 8.000E+02 9.000E+02 1.000E+03 2.000E+03 3.000E+03 4.000E+03 5.000E+03 6.000E+03
 7.000E+03 8.000E+03 9.000E+03 1.000E+04 1.100E+04 1.200E+04 1.300E+04 1.400E+04
 1.500E+04
 1.000E+11 2.000E+11 3.000E+11 4.000E+11 5.000E+11 6.000E+11 7.000E+11 8.000E+11
 9.000E+11 1.000E+12 2.000E+12 3.000E+12 4.000E+12 5.000E+12 6.000E+12 7.000E+12
 8.000E+12 9.000E+12 1.000E+13 2.000E+13 3.000E+13 4.000E+13 5.000E+13 6.000E+13
 7.000E+13
--------------------------------------------------------------------------------
 5.033E-10 5.032E-10 5.031E-10 5.029E-10 5.027E-10 5.025E-10 5.023E-10 5.022E-10
 5.020E-10 5.018E-10 5.016E-10 4.899E-10 4.830E-10 4.833E-10 4.780E-10 4.746E-10
 4.752E-10 4.758E-10 4.763E-10 4.704E-10 4.660E-10 4.664E-10 4.667E-10 4.670E-10
 4.673E-10
 4.998E-10 4.996E-10 4.994E-10 4.991E-10 4.988E-10 4.986E-10 4.983E-10 4.980E-10
 4.977E-10 4.975E-10 4.972E-10 4.805E-10 4.711E-10 4.714E-10 4.617E-10 4.559E-10
 4.567E-10 4.575E-10 4.581E-10 4.468E-10 4.385E-10 4.390E-10 4.395E-10 4.399E-10
 4.403E-10
 4.962E-10 4.961E-10 4.958E-10 4.954E-10 4.951E-10 4.948E-10 4.945E-10 4.941E-10
 4.938E-10 4.935E-10 4.932E-10 4.734E-10 4.629E-10 4.632E-10 4.500E-10 4.425E-10
 4.433E-10 4.443E-10 4.450E-10 4.286E-10 4.170E-10 4.176E-10 4.182E-10 4.187E-10
 4.193E-10
 4.928E-10 4.926E-10 4.923E-10 4.919E-10 4.916E-10 4.912E-10 4.908E-10 4.905E-10
 4.901E-10 4.897E-10 4.894E-10 4.677E-10 4.567E-10 4.569E-10 4.407E-10 4.320E-10
 4.329E-10 4.340E-10 4.347E-10 4.136E-10 3.992E-10 3.999E-10 4.006E-10 4.012E-10
 4.018E-10
 4.895E-10 4.893E-10 4.889E-10 4.886E-10 4.882E-10 4.878E-10 4.874E-10 4.870E-10
 4.866E-10 4.862E-10 4.858E-10 4.628E-10 4.516E-10 4.518E-10 4.330E-10 4.234E-10
 4.243E-10 4.255E-10 4.261E-10 4.008E-10 3.841E-10 3.848E-10 3.855E-10 3.861E-10
 3.868E-10
 4.864E-10 4.862E-10 4.858E-10 4.854E-10 4.849E-10 4.845E-10 4.841E-10 4.837E-10
 4.833E-10 4.829E-10 4.825E-10 4.585E-10 4.473E-10 4.474E-10 4.265E-10 4.161E-10
 4.170E-10 4.182E-10 4.189E-10 3.896E-10 3.709E-10 3.716E-10 3.724E-10 3.730E-10
 3.737E-10
 4.834E-10 4.831E-10 4.827E-10 4.823E-10 4.819E-10 4.814E-10 4.810E-10 4.806E-10
 4.801E-10 4.797E-10 4.793E-10 4.546E-10 4.436E-10 4.436E-10 4.207E-10 4.098E-10
 4.107E-10 4.119E-10 4.125E-10 3.796E-10 3.592E-10 3.599E-10 3.607E-10 3.614E-10
 3.621E-10
 4.804E-10 4.802E-10 4.798E-10 4.793E-10 4.789E-10 4.785E-10 4.780E-10 4.776E-10
 4.771E-10 4.767E-10 4.763E-10 4.511E-10 4.402E-10 4.402E-10 4.156E-10 4.041E-10
 4.051E-10 4.063E-10 4.068E-10 3.706E-10 3.487E-10 3.495E-10 3.503E-10 3.510E-10
 3.517E-10
 4.776E-10 4.774E-10 4.770E-10 4.765E-10 4.761E-10 4.756E-10 4.752E-10 4.747E-10
 4.743E-10 4.738E-10 4.734E-10 4.479E-10 4.372E-10 4.371E-10 4.109E-10 3.991E-10
 4.000E-10 4.012E-10 4.017E-10 3.624E-10 3.393E-10 3.401E-10 3.409E-10 3.416E-10
 3.423E-10
 4.749E-10 4.747E-10 4.742E-10 4.738E-10 4.733E-10 4.729E-10 4.724E-10 4.719E-10
 4.715E-10 4.711E-10 4.706E-10 4.449E-10 4.343E-10 4.343E-10 4.066E-10 3.945E-10
 3.954E-10 3.966E-10 3.971E-10 3.549E-10 3.308E-10 3.315E-10 3.323E-10 3.330E-10
 3.338E-10
 4.518E-10 4.515E-10 4.511E-10 4.506E-10 4.501E-10 4.496E-10 4.492E-10 4.487E-10
 4.482E-10 4.477E-10 4.473E-10 4.221E-10 4.132E-10 4.127E-10 3.757E-10 3.623E-10
 3.631E-10 3.641E-10 3.642E-10 3.027E-10 2.742E-10 2.749E-10 2.756E-10 2.762E-10
 2.770E-10
 4.332E-10 4.330E-10 4.325E-10 4.321E-10 4.316E-10 4.311E-10 4.307E-10 4.302E-10
 4.297E-10 4.293E-10 4.288E-10 4.052E-10 3.974E-10 3.966E-10 3.550E-10 3.418E-10
 3.424E-10 3.433E-10 3.429E-10 2.722E-10 2.439E-10 2.444E-10 2.450E-10 2.456E-10
 2.463E-10
 4.175E-10 4.172E-10 4.168E-10 4.163E-10 4.159E-10 4.154E-10 4.150E-10 4.145E-10
 4.141E-10 4.136E-10 4.132E-10 3.911E-10 3.840E-10 3.831E-10 3.392E-10 3.264E-10
 3.269E-10 3.276E-10 3.270E-10 2.519E-10 2.249E-10 2.254E-10 2.259E-10 2.264E-10
 2.270E-10
 4.036E-10 4.034E-10 4.030E-10 4.026E-10 4.021E-10 4.017E-10 4.013E-10 4.008E-10
 4.004E-10 4.000E-10 3.995E-10 3.788E-10 3.722E-10 3.711E-10 3.263E-10 3.142E-10
 3.145E-10 3.151E-10 3.143E-10 2.373E-10 2.120E-10 2.123E-10 2.128E-10 2.132E-10
 2.137E-10
 3.914E-10 3.911E-10 3.907E-10 3.903E-10 3.899E-10 3.895E-10 3.891E-10 3.886E-10
 3.882E-10 3.878E-10 3.874E-10 3.679E-10 3.617E-10 3.605E-10 3.155E-10 3.041E-10
 3.044E-10 3.049E-10 3.038E-10 2.264E-10 2.026E-10 2.029E-10 2.033E-10 2.037E-10
 2.041E-10
 3.803E-10 3.801E-10 3.797E-10 3.793E-10 3.789E-10 3.785E-10 3.781E-10 3.777E-10
 3.773E-10 3.769E-10 3.765E-10 3.581E-10 3.521E-10 3.509E-10 3.063E-10 2.956E-10
 2.958E-10 2.962E-10 2.950E-10 2.179E-10 1.954E-10 1.957E-10 1.961E-10 1.964E-10
 1.968E-10
 3.703E-10 3.701E-10 3.698E-10 3.694E-10 3.690E-10 3.686E-10 3.682E-10 3.678E-10
 3.674E-10 3.670E-10 3.666E-10 3.492E-10 3.435E-10 3.422E-10 2.984E-10 2.883E-10
 2.884E-10 2.887E-10 2.874E-10 2.112E-10 1.898E-10 1.901E-10 1.904E-10 1.907E-10
 1.911E-10
 3.613E-10 3.611E-10 3.607E-10 3.604E-10 3.600E-10 3.596E-10 3.592E-10 3.588E-10
 3.585E-10 3.581E-10 3.577E-10 3.411E-10 3.357E-10 3.343E-10 2.915E-10 2.820E-10
 2.821E-10 2.823E-10 2.809E-10 2.056E-10 1.854E-10 1.856E-10 1.859E-10 1.862E-10
 1.865E-10
 3.530E-10 3.528E-10 3.525E-10 3.521E-10 3.518E-10 3.514E-10 3.510E-10 3.507E-10
 3.503E-10 3.499E-10 3.495E-10 3.337E-10 3.286E-10 3.272E-10 2.854E-10 2.765E-10
 2.765E-10 2.766E-10 2.751E-10 2.010E-10 1.817E-10 1.819E-10 1.822E-10 1.824E-10
 1.828E-10
 2.990E-10 2.989E-10 2.987E-10 2.984E-10 2.981E-10 2.979E-10 2.976E-10 2.973E-10
 2.970E-10 2.967E-10 2.965E-10 2.859E-10 2.822E-10 2.808E-10 2.497E-10 2.441E-10
 2.438E-10 2.437E-10 2.420E-10 1.781E-10 1.640E-10 1.641E-10 1.643E-10 1.645E-10
 1.647E-10
 2.718E-10 2.717E-10 2.715E-10 2.713E-10 2.711E-10 2.709E-10 2.707E-10 2.704E-10
 2.702E-10 2.700E-10 2.698E-10 2.618E-10 2.589E-10 2.577E-10 2.336E-10 2.294E-10
 2.291E-10 2.289E-10 2.271E-10 1.696E-10 1.577E-10 1.578E-10 1.580E-10 1.581E-10
 1.583E-10
 2.557E-10 2.557E-10 2.555E-10 2.553E-10 2.552E-10 2.550E-10 2.548E-10 2.546E-10
 2.544E-10 2.542E-10 2.540E-10 2.477E-10 2.453E-10 2.442E-10 2.245E-10 2.211E-10
 2.208E-10 2.205E-10 2.187E-10 1.651E-10 1.545E-10 1.546E-10 1.547E-10 1.548E-10
 1.550E-10
 2.453E-10 2.452E-10 2.451E-10 2.449E-10 2.448E-10 2.446E-10 2.445E-10 2.443E-10
 2.441E-10 2.440E-10 2.438E-10 2.384E-10 2.364E-10 2.354E-10 2.186E-10 2.157E-10
 2.154E-10 2.151E-10 2.133E-10 1.624E-10 1.526E-10 1.527E-10 1.528E-10 1.529E-10
 1.530E-10
 2.379E-10 2.379E-10 2.378E-10 2.376E-10 2.375E-10 2.374E-10 2.372E-10 2.371E-10
 2.369E-10 2.368E-10 2.367E-10 2.320E-10 2.302E-10 2.293E-10 2.145E-10 2.120E-10
 2.116E-10 2.113E-10 2.096E-10 1.606E-10 1.513E-10 1.514E-10 1.515E-10 1.516E-10
 1.517E-10
 2.325E-10 2.325E-10 2.324E-10 2.323E-10 2.321E-10 2.320E-10 2.319E-10 2.318E-10
 2.316E-10 2.315E-10 2.314E-10 2.272E-10 2.256E-10 2.247E-10 2.115E-10 2.092E-10
 2.089E-10 2.085E-10 2.068E-10 1.593E-10 1.504E-10 1.504E-10 1.505E-10 1.506E-10
 1.507E-10
--------------------------------------------------------------------------------
   20 /EREF=3.000E+03 /NREF=3.000E+12
--------------------------------------------------------------------------------
 1.000E+01 2.000E+01 3.000E+01 4.000E+01 5.000E+01 6.000E+01 7.000E+01 8.000E+01
 8.966E+01 1.000E+02 2.000E+02 3.000E+02 4.000E+02 5.000E+02 6.000E+02 7.000E+02
 8.000E+02 8.966E+02 1.000E+03 2.000E+03
--------------------------------------------------------------------------------
 3.915E-10 7.199E-10 7.541E-10 7.075E-10 6.442E-10 5.820E-10 5.260E-10 4.769E-10
 4.343E-10 3.974E-10 2.007E-10 1.271E-10 9.023E-11 6.859E-11 5.456E-11 4.484E-11
 3.776E-11 3.241E-11 2.821E-11 1.101E-11
--------------------------------------------------------------------------------
C
C
C     ADAS FILE TYPE : 	ADF21
C     SOURCE FILE    :  /home/anderson/adas/adf26/bnl99#he/bnl99#he_n7.dat          
C
C     USER ID	     :  anderson        
C
--------------------------------------------------------------------------------
 
C---------------------------------------------------------------------------------
C ADAS ADF21/bms99#he_slow DATA - SCCS info: @(#)$Header: /u/xshare/Attic/repos/codesys/source/adas/data/adf21/bms99#he_slow/gcrc31/gcrc31#he_n7.dat,v 1.1 2009-07-30 05:38:54 Marina Gorelenkova Exp $ Date $Date: 2009-07-30 05:38:54 $
C---------------------------------------------------------------------------------
