    2 /GCRC7=4.037E-10 /SPEC=HE /DATE=06/01/99 /CODE=ADAS313
--------------------------------------------------------------------------------
   25   25 /TREF=1.000E+02
--------------------------------------------------------------------------------
 5.000E+01 1.000E+02 2.000E+02 3.000E+02 4.000E+02 5.000E+02 6.000E+02 7.000E+02
 8.000E+02 9.000E+02 1.000E+03 2.000E+03 3.000E+03 4.000E+03 5.000E+03 6.000E+03
 7.000E+03 8.000E+03 9.000E+03 1.000E+04 1.100E+04 1.200E+04 1.300E+04 1.400E+04
 1.500E+04
 1.000E+11 2.000E+11 3.000E+11 4.000E+11 5.000E+11 6.000E+11 7.000E+11 8.000E+11
 9.000E+11 1.000E+12 2.000E+12 3.000E+12 4.000E+12 5.000E+12 6.000E+12 7.000E+12
 8.000E+12 9.000E+12 1.000E+13 2.000E+13 3.000E+13 4.000E+13 5.000E+13 6.000E+13
 7.000E+13
--------------------------------------------------------------------------------
 5.035E-10 5.033E-10 5.031E-10 5.028E-10 5.025E-10 5.023E-10 5.020E-10 5.018E-10
 5.015E-10 5.013E-10 5.011E-10 4.962E-10 4.932E-10 4.927E-10 4.909E-10 4.895E-10
 4.894E-10 4.894E-10 4.890E-10 4.874E-10 4.861E-10 4.859E-10 4.858E-10 4.858E-10
 4.858E-10
 5.000E-10 4.998E-10 4.993E-10 4.988E-10 4.984E-10 4.980E-10 4.976E-10 4.972E-10
 4.968E-10 4.964E-10 4.960E-10 4.885E-10 4.839E-10 4.830E-10 4.797E-10 4.771E-10
 4.769E-10 4.768E-10 4.761E-10 4.730E-10 4.704E-10 4.699E-10 4.698E-10 4.698E-10
 4.697E-10
 4.965E-10 4.962E-10 4.956E-10 4.950E-10 4.945E-10 4.940E-10 4.935E-10 4.930E-10
 4.925E-10 4.920E-10 4.916E-10 4.823E-10 4.766E-10 4.755E-10 4.709E-10 4.674E-10
 4.671E-10 4.670E-10 4.661E-10 4.615E-10 4.577E-10 4.570E-10 4.569E-10 4.569E-10
 4.568E-10
 4.932E-10 4.928E-10 4.921E-10 4.914E-10 4.908E-10 4.902E-10 4.896E-10 4.891E-10
 4.885E-10 4.880E-10 4.874E-10 4.769E-10 4.706E-10 4.694E-10 4.636E-10 4.594E-10
 4.591E-10 4.589E-10 4.577E-10 4.518E-10 4.469E-10 4.461E-10 4.460E-10 4.459E-10
 4.459E-10
 4.899E-10 4.895E-10 4.887E-10 4.880E-10 4.873E-10 4.867E-10 4.860E-10 4.854E-10
 4.848E-10 4.842E-10 4.836E-10 4.722E-10 4.655E-10 4.641E-10 4.573E-10 4.525E-10
 4.521E-10 4.520E-10 4.505E-10 4.433E-10 4.375E-10 4.365E-10 4.364E-10 4.363E-10
 4.362E-10
 4.868E-10 4.863E-10 4.855E-10 4.847E-10 4.840E-10 4.833E-10 4.826E-10 4.820E-10
 4.814E-10 4.807E-10 4.801E-10 4.680E-10 4.609E-10 4.594E-10 4.518E-10 4.464E-10
 4.460E-10 4.459E-10 4.442E-10 4.358E-10 4.290E-10 4.278E-10 4.277E-10 4.276E-10
 4.276E-10
 4.837E-10 4.833E-10 4.824E-10 4.816E-10 4.808E-10 4.801E-10 4.794E-10 4.787E-10
 4.781E-10 4.774E-10 4.768E-10 4.642E-10 4.568E-10 4.552E-10 4.468E-10 4.410E-10
 4.405E-10 4.404E-10 4.385E-10 4.289E-10 4.212E-10 4.200E-10 4.199E-10 4.198E-10
 4.198E-10
 4.808E-10 4.804E-10 4.795E-10 4.786E-10 4.778E-10 4.771E-10 4.763E-10 4.756E-10
 4.750E-10 4.743E-10 4.736E-10 4.606E-10 4.531E-10 4.514E-10 4.422E-10 4.360E-10
 4.356E-10 4.354E-10 4.333E-10 4.226E-10 4.141E-10 4.127E-10 4.126E-10 4.125E-10
 4.125E-10
 4.780E-10 4.775E-10 4.766E-10 4.758E-10 4.749E-10 4.742E-10 4.734E-10 4.727E-10
 4.720E-10 4.713E-10 4.706E-10 4.573E-10 4.497E-10 4.478E-10 4.381E-10 4.314E-10
 4.310E-10 4.308E-10 4.285E-10 4.168E-10 4.075E-10 4.060E-10 4.059E-10 4.058E-10
 4.058E-10
 4.753E-10 4.748E-10 4.739E-10 4.730E-10 4.722E-10 4.714E-10 4.706E-10 4.699E-10
 4.692E-10 4.684E-10 4.677E-10 4.542E-10 4.465E-10 4.446E-10 4.342E-10 4.272E-10
 4.267E-10 4.266E-10 4.240E-10 4.113E-10 4.013E-10 3.997E-10 3.996E-10 3.995E-10
 3.996E-10
 4.521E-10 4.516E-10 4.506E-10 4.497E-10 4.488E-10 4.479E-10 4.471E-10 4.463E-10
 4.455E-10 4.447E-10 4.439E-10 4.297E-10 4.218E-10 4.193E-10 4.046E-10 3.954E-10
 3.948E-10 3.946E-10 3.903E-10 3.698E-10 3.548E-10 3.525E-10 3.524E-10 3.524E-10
 3.524E-10
 4.336E-10 4.330E-10 4.321E-10 4.311E-10 4.302E-10 4.293E-10 4.285E-10 4.277E-10
 4.269E-10 4.261E-10 4.253E-10 4.114E-10 4.037E-10 4.008E-10 3.835E-10 3.733E-10
 3.725E-10 3.722E-10 3.666E-10 3.414E-10 3.239E-10 3.213E-10 3.212E-10 3.211E-10
 3.212E-10
 4.177E-10 4.173E-10 4.163E-10 4.154E-10 4.145E-10 4.136E-10 4.128E-10 4.120E-10
 4.112E-10 4.104E-10 4.096E-10 3.961E-10 3.887E-10 3.854E-10 3.665E-10 3.558E-10
 3.550E-10 3.546E-10 3.481E-10 3.200E-10 3.014E-10 2.986E-10 2.985E-10 2.985E-10
 2.985E-10
 4.039E-10 4.034E-10 4.025E-10 4.016E-10 4.007E-10 3.999E-10 3.991E-10 3.983E-10
 3.975E-10 3.967E-10 3.960E-10 3.829E-10 3.757E-10 3.722E-10 3.523E-10 3.415E-10
 3.406E-10 3.401E-10 3.330E-10 3.032E-10 2.842E-10 2.814E-10 2.813E-10 2.812E-10
 2.813E-10
 3.916E-10 3.911E-10 3.902E-10 3.893E-10 3.885E-10 3.877E-10 3.869E-10 3.861E-10
 3.854E-10 3.846E-10 3.838E-10 3.712E-10 3.642E-10 3.605E-10 3.401E-10 3.294E-10
 3.284E-10 3.278E-10 3.203E-10 2.897E-10 2.706E-10 2.679E-10 2.677E-10 2.676E-10
 2.677E-10
 3.805E-10 3.801E-10 3.792E-10 3.783E-10 3.775E-10 3.767E-10 3.759E-10 3.752E-10
 3.745E-10 3.737E-10 3.730E-10 3.608E-10 3.539E-10 3.501E-10 3.296E-10 3.190E-10
 3.180E-10 3.174E-10 3.096E-10 2.785E-10 2.597E-10 2.569E-10 2.568E-10 2.567E-10
 2.568E-10
 3.705E-10 3.701E-10 3.692E-10 3.684E-10 3.676E-10 3.668E-10 3.661E-10 3.653E-10
 3.646E-10 3.639E-10 3.632E-10 3.514E-10 3.447E-10 3.408E-10 3.204E-10 3.100E-10
 3.090E-10 3.083E-10 3.003E-10 2.691E-10 2.506E-10 2.479E-10 2.478E-10 2.477E-10
 2.478E-10
 3.614E-10 3.610E-10 3.602E-10 3.594E-10 3.586E-10 3.579E-10 3.571E-10 3.564E-10
 3.557E-10 3.550E-10 3.543E-10 3.429E-10 3.364E-10 3.324E-10 3.122E-10 3.021E-10
 3.011E-10 3.003E-10 2.923E-10 2.612E-10 2.430E-10 2.404E-10 2.403E-10 2.402E-10
 2.403E-10
 3.532E-10 3.528E-10 3.520E-10 3.512E-10 3.504E-10 3.497E-10 3.490E-10 3.483E-10
 3.476E-10 3.469E-10 3.462E-10 3.352E-10 3.288E-10 3.249E-10 3.049E-10 2.952E-10
 2.941E-10 2.933E-10 2.852E-10 2.543E-10 2.366E-10 2.341E-10 2.339E-10 2.339E-10
 2.339E-10
 2.991E-10 2.988E-10 2.982E-10 2.976E-10 2.970E-10 2.965E-10 2.959E-10 2.954E-10
 2.948E-10 2.943E-10 2.937E-10 2.856E-10 2.807E-10 2.771E-10 2.614E-10 2.543E-10
 2.532E-10 2.523E-10 2.446E-10 2.175E-10 2.031E-10 2.011E-10 2.009E-10 2.009E-10
 2.009E-10
 2.718E-10 2.716E-10 2.711E-10 2.706E-10 2.702E-10 2.697E-10 2.693E-10 2.688E-10
 2.684E-10 2.679E-10 2.675E-10 2.611E-10 2.571E-10 2.541E-10 2.415E-10 2.360E-10
 2.350E-10 2.341E-10 2.269E-10 2.025E-10 1.900E-10 1.883E-10 1.882E-10 1.882E-10
 1.882E-10
 2.557E-10 2.555E-10 2.552E-10 2.548E-10 2.544E-10 2.540E-10 2.536E-10 2.532E-10
 2.529E-10 2.525E-10 2.521E-10 2.468E-10 2.434E-10 2.407E-10 2.303E-10 2.257E-10
 2.247E-10 2.239E-10 2.171E-10 1.946E-10 1.832E-10 1.816E-10 1.815E-10 1.815E-10
 1.815E-10
 2.453E-10 2.451E-10 2.448E-10 2.444E-10 2.441E-10 2.438E-10 2.434E-10 2.431E-10
 2.428E-10 2.424E-10 2.421E-10 2.376E-10 2.345E-10 2.322E-10 2.231E-10 2.191E-10
 2.182E-10 2.174E-10 2.109E-10 1.896E-10 1.789E-10 1.775E-10 1.774E-10 1.774E-10
 1.774E-10
 2.379E-10 2.378E-10 2.375E-10 2.372E-10 2.369E-10 2.366E-10 2.363E-10 2.360E-10
 2.357E-10 2.354E-10 2.351E-10 2.311E-10 2.284E-10 2.262E-10 2.182E-10 2.146E-10
 2.137E-10 2.129E-10 2.067E-10 1.862E-10 1.761E-10 1.747E-10 1.747E-10 1.746E-10
 1.747E-10
 2.325E-10 2.324E-10 2.321E-10 2.319E-10 2.316E-10 2.313E-10 2.310E-10 2.308E-10
 2.305E-10 2.302E-10 2.300E-10 2.263E-10 2.238E-10 2.218E-10 2.145E-10 2.113E-10
 2.104E-10 2.096E-10 2.036E-10 1.838E-10 1.740E-10 1.727E-10 1.727E-10 1.726E-10
 1.727E-10
--------------------------------------------------------------------------------
   20 /EREF=3.000E+03 /NREF=3.000E+12
--------------------------------------------------------------------------------
 1.000E+01 2.000E+01 3.000E+01 4.000E+01 5.000E+01 6.000E+01 7.000E+01 8.000E+01
 8.966E+01 1.000E+02 2.000E+02 3.000E+02 4.000E+02 5.000E+02 6.000E+02 7.000E+02
 8.000E+02 8.966E+02 1.000E+03 2.000E+03
--------------------------------------------------------------------------------
 3.965E-10 7.303E-10 7.655E-10 7.185E-10 6.542E-10 5.912E-10 5.344E-10 4.845E-10
 4.413E-10 4.037E-10 2.039E-10 1.290E-10 9.150E-11 6.945E-11 5.509E-11 4.517E-11
 3.796E-11 3.252E-11 2.829E-11 1.102E-11
--------------------------------------------------------------------------------
C
C
C     ADAS FILE TYPE : 	ADF21
C     SOURCE FILE    :  /home/anderson/adas/adf26/bnl99#he/bnl99#he_he2.dat         
C
C     USER ID	     :  anderson        
C
--------------------------------------------------------------------------------
 
C---------------------------------------------------------------------------------
C ADAS ADF21/bms99#he_slow DATA - SCCS info: @(#)$Header: /u/xshare/Attic/repos/codesys/source/adas/data/adf21/bms99#he_slow/gcrc31/gcrc31#he_he2.dat,v 1.1 2009-07-30 05:38:54 Marina Gorelenkova Exp $ Date $Date: 2009-07-30 05:38:54 $
C---------------------------------------------------------------------------------
