   10 /GCRC7=3.956E-10 /SPEC=NE /DATE=06/01/99 /CODE=ADAS313
--------------------------------------------------------------------------------
   25   25 /TREF=1.000E+02
--------------------------------------------------------------------------------
 5.000E+01 1.000E+02 2.000E+02 3.000E+02 4.000E+02 5.000E+02 6.000E+02 7.000E+02
 8.000E+02 9.000E+02 1.000E+03 2.000E+03 3.000E+03 4.000E+03 5.000E+03 6.000E+03
 7.000E+03 8.000E+03 9.000E+03 1.000E+04 1.100E+04 1.200E+04 1.300E+04 1.400E+04
 1.500E+04
 1.000E+11 2.000E+11 3.000E+11 4.000E+11 5.000E+11 6.000E+11 7.000E+11 8.000E+11
 9.000E+11 1.000E+12 2.000E+12 3.000E+12 4.000E+12 5.000E+12 6.000E+12 7.000E+12
 8.000E+12 9.000E+12 1.000E+13 2.000E+13 3.000E+13 4.000E+13 5.000E+13 6.000E+13
 7.000E+13
--------------------------------------------------------------------------------
 5.032E-10 5.031E-10 5.030E-10 5.029E-10 5.027E-10 5.026E-10 5.024E-10 5.022E-10
 5.021E-10 5.019E-10 5.018E-10 4.868E-10 4.783E-10 4.789E-10 4.715E-10 4.672E-10
 4.681E-10 4.690E-10 4.698E-10 4.615E-10 4.556E-10 4.562E-10 4.567E-10 4.572E-10
 4.576E-10
 4.996E-10 4.995E-10 4.993E-10 4.991E-10 4.989E-10 4.987E-10 4.984E-10 4.982E-10
 4.980E-10 4.977E-10 4.975E-10 4.766E-10 4.658E-10 4.664E-10 4.532E-10 4.462E-10
 4.472E-10 4.484E-10 4.494E-10 4.335E-10 4.227E-10 4.235E-10 4.242E-10 4.249E-10
 4.255E-10
 4.961E-10 4.960E-10 4.957E-10 4.954E-10 4.952E-10 4.949E-10 4.946E-10 4.944E-10
 4.941E-10 4.938E-10 4.935E-10 4.692E-10 4.577E-10 4.582E-10 4.404E-10 4.316E-10
 4.328E-10 4.341E-10 4.352E-10 4.124E-10 3.977E-10 3.986E-10 3.995E-10 4.002E-10
 4.010E-10
 4.927E-10 4.925E-10 4.922E-10 4.919E-10 4.916E-10 4.913E-10 4.910E-10 4.907E-10
 4.904E-10 4.901E-10 4.898E-10 4.634E-10 4.516E-10 4.521E-10 4.306E-10 4.206E-10
 4.218E-10 4.232E-10 4.243E-10 3.953E-10 3.774E-10 3.785E-10 3.794E-10 3.802E-10
 3.810E-10
 4.894E-10 4.892E-10 4.889E-10 4.886E-10 4.883E-10 4.879E-10 4.876E-10 4.873E-10
 4.870E-10 4.866E-10 4.863E-10 4.585E-10 4.468E-10 4.472E-10 4.226E-10 4.117E-10
 4.129E-10 4.143E-10 4.155E-10 3.810E-10 3.605E-10 3.616E-10 3.625E-10 3.634E-10
 3.642E-10
 4.862E-10 4.860E-10 4.857E-10 4.854E-10 4.850E-10 4.847E-10 4.844E-10 4.840E-10
 4.837E-10 4.833E-10 4.830E-10 4.542E-10 4.427E-10 4.431E-10 4.158E-10 4.043E-10
 4.054E-10 4.069E-10 4.080E-10 3.685E-10 3.461E-10 3.471E-10 3.481E-10 3.489E-10
 3.499E-10
 4.832E-10 4.830E-10 4.826E-10 4.823E-10 4.820E-10 4.816E-10 4.813E-10 4.809E-10
 4.806E-10 4.802E-10 4.799E-10 4.504E-10 4.392E-10 4.395E-10 4.099E-10 3.979E-10
 3.990E-10 4.005E-10 4.016E-10 3.576E-10 3.335E-10 3.346E-10 3.355E-10 3.364E-10
 3.373E-10
 4.802E-10 4.801E-10 4.797E-10 4.794E-10 4.790E-10 4.787E-10 4.783E-10 4.779E-10
 4.776E-10 4.772E-10 4.769E-10 4.470E-10 4.360E-10 4.363E-10 4.046E-10 3.923E-10
 3.934E-10 3.949E-10 3.960E-10 3.478E-10 3.225E-10 3.235E-10 3.245E-10 3.253E-10
 3.263E-10
 4.774E-10 4.772E-10 4.769E-10 4.765E-10 4.762E-10 4.758E-10 4.755E-10 4.751E-10
 4.747E-10 4.743E-10 4.740E-10 4.439E-10 4.332E-10 4.334E-10 3.999E-10 3.873E-10
 3.884E-10 3.898E-10 3.909E-10 3.390E-10 3.127E-10 3.137E-10 3.146E-10 3.155E-10
 3.164E-10
 4.747E-10 4.745E-10 4.742E-10 4.738E-10 4.735E-10 4.731E-10 4.727E-10 4.723E-10
 4.720E-10 4.716E-10 4.712E-10 4.410E-10 4.306E-10 4.307E-10 3.956E-10 3.828E-10
 3.839E-10 3.853E-10 3.863E-10 3.311E-10 3.039E-10 3.049E-10 3.058E-10 3.067E-10
 3.076E-10
 4.516E-10 4.514E-10 4.510E-10 4.506E-10 4.503E-10 4.499E-10 4.495E-10 4.491E-10
 4.487E-10 4.483E-10 4.479E-10 4.190E-10 4.107E-10 4.104E-10 3.651E-10 3.520E-10
 3.528E-10 3.540E-10 3.547E-10 2.779E-10 2.488E-10 2.496E-10 2.504E-10 2.510E-10
 2.518E-10
 4.330E-10 4.329E-10 4.325E-10 4.321E-10 4.318E-10 4.314E-10 4.310E-10 4.306E-10
 4.303E-10 4.299E-10 4.295E-10 4.027E-10 3.956E-10 3.951E-10 3.451E-10 3.327E-10
 3.333E-10 3.343E-10 3.348E-10 2.488E-10 2.215E-10 2.221E-10 2.227E-10 2.233E-10
 2.239E-10
 4.173E-10 4.171E-10 4.168E-10 4.164E-10 4.161E-10 4.157E-10 4.153E-10 4.150E-10
 4.146E-10 4.142E-10 4.139E-10 3.890E-10 3.826E-10 3.820E-10 3.299E-10 3.184E-10
 3.189E-10 3.196E-10 3.199E-10 2.302E-10 2.051E-10 2.056E-10 2.061E-10 2.066E-10
 2.071E-10
 4.035E-10 4.033E-10 4.030E-10 4.027E-10 4.023E-10 4.020E-10 4.016E-10 4.013E-10
 4.009E-10 4.006E-10 4.002E-10 3.770E-10 3.712E-10 3.704E-10 3.177E-10 3.071E-10
 3.074E-10 3.080E-10 3.081E-10 2.173E-10 1.943E-10 1.947E-10 1.951E-10 1.955E-10
 1.960E-10
 3.912E-10 3.910E-10 3.907E-10 3.904E-10 3.901E-10 3.897E-10 3.894E-10 3.891E-10
 3.887E-10 3.884E-10 3.880E-10 3.663E-10 3.609E-10 3.600E-10 3.076E-10 2.977E-10
 2.980E-10 2.985E-10 2.985E-10 2.079E-10 1.865E-10 1.869E-10 1.873E-10 1.876E-10
 1.881E-10
 3.802E-10 3.800E-10 3.797E-10 3.794E-10 3.791E-10 3.788E-10 3.784E-10 3.781E-10
 3.778E-10 3.775E-10 3.771E-10 3.566E-10 3.515E-10 3.506E-10 2.990E-10 2.898E-10
 2.900E-10 2.904E-10 2.903E-10 2.006E-10 1.808E-10 1.811E-10 1.814E-10 1.817E-10
 1.821E-10
 3.702E-10 3.701E-10 3.698E-10 3.695E-10 3.692E-10 3.689E-10 3.685E-10 3.682E-10
 3.679E-10 3.676E-10 3.673E-10 3.479E-10 3.431E-10 3.421E-10 2.916E-10 2.831E-10
 2.832E-10 2.835E-10 2.833E-10 1.949E-10 1.763E-10 1.766E-10 1.769E-10 1.772E-10
 1.775E-10
 3.612E-10 3.610E-10 3.607E-10 3.604E-10 3.602E-10 3.599E-10 3.595E-10 3.592E-10
 3.589E-10 3.586E-10 3.583E-10 3.400E-10 3.354E-10 3.343E-10 2.852E-10 2.772E-10
 2.773E-10 2.776E-10 2.773E-10 1.903E-10 1.727E-10 1.730E-10 1.733E-10 1.735E-10
 1.739E-10
 3.529E-10 3.528E-10 3.525E-10 3.522E-10 3.519E-10 3.516E-10 3.514E-10 3.511E-10
 3.508E-10 3.504E-10 3.501E-10 3.327E-10 3.283E-10 3.273E-10 2.796E-10 2.721E-10
 2.721E-10 2.723E-10 2.720E-10 1.865E-10 1.698E-10 1.701E-10 1.703E-10 1.706E-10
 1.709E-10
 2.990E-10 2.989E-10 2.987E-10 2.985E-10 2.983E-10 2.981E-10 2.978E-10 2.976E-10
 2.974E-10 2.972E-10 2.969E-10 2.854E-10 2.824E-10 2.813E-10 2.464E-10 2.419E-10
 2.417E-10 2.416E-10 2.410E-10 1.679E-10 1.561E-10 1.563E-10 1.564E-10 1.566E-10
 1.568E-10
 2.717E-10 2.717E-10 2.715E-10 2.714E-10 2.712E-10 2.710E-10 2.709E-10 2.707E-10
 2.705E-10 2.703E-10 2.701E-10 2.616E-10 2.592E-10 2.582E-10 2.314E-10 2.281E-10
 2.278E-10 2.276E-10 2.269E-10 1.611E-10 1.513E-10 1.515E-10 1.516E-10 1.517E-10
 1.518E-10
 2.557E-10 2.556E-10 2.555E-10 2.554E-10 2.553E-10 2.551E-10 2.550E-10 2.548E-10
 2.547E-10 2.545E-10 2.544E-10 2.476E-10 2.456E-10 2.447E-10 2.228E-10 2.202E-10
 2.199E-10 2.197E-10 2.189E-10 1.577E-10 1.489E-10 1.490E-10 1.491E-10 1.492E-10
 1.493E-10
 2.452E-10 2.452E-10 2.451E-10 2.450E-10 2.449E-10 2.447E-10 2.446E-10 2.445E-10
 2.444E-10 2.442E-10 2.441E-10 2.384E-10 2.367E-10 2.359E-10 2.173E-10 2.150E-10
 2.148E-10 2.145E-10 2.138E-10 1.555E-10 1.475E-10 1.475E-10 1.476E-10 1.477E-10
 1.478E-10
 2.379E-10 2.379E-10 2.378E-10 2.377E-10 2.376E-10 2.375E-10 2.374E-10 2.373E-10
 2.371E-10 2.370E-10 2.369E-10 2.320E-10 2.305E-10 2.297E-10 2.134E-10 2.115E-10
 2.112E-10 2.109E-10 2.102E-10 1.541E-10 1.465E-10 1.466E-10 1.466E-10 1.467E-10
 1.468E-10
 2.325E-10 2.325E-10 2.324E-10 2.323E-10 2.322E-10 2.321E-10 2.320E-10 2.319E-10
 2.318E-10 2.317E-10 2.316E-10 2.272E-10 2.259E-10 2.252E-10 2.106E-10 2.088E-10
 2.085E-10 2.083E-10 2.075E-10 1.531E-10 1.458E-10 1.459E-10 1.459E-10 1.460E-10
 1.461E-10
--------------------------------------------------------------------------------
   20 /EREF=3.000E+03 /NREF=3.000E+12
--------------------------------------------------------------------------------
 1.000E+01 2.000E+01 3.000E+01 4.000E+01 5.000E+01 6.000E+01 7.000E+01 8.000E+01
 8.966E+01 1.000E+02 2.000E+02 3.000E+02 4.000E+02 5.000E+02 6.000E+02 7.000E+02
 8.000E+02 8.966E+02 1.000E+03 2.000E+03
--------------------------------------------------------------------------------
 3.900E-10 7.168E-10 7.507E-10 7.043E-10 6.412E-10 5.794E-10 5.236E-10 4.748E-10
 4.324E-10 3.956E-10 1.998E-10 1.265E-10 8.986E-11 6.831E-11 5.436E-11 4.469E-11
 3.765E-11 3.231E-11 2.816E-11 1.107E-11
--------------------------------------------------------------------------------
C
C
C     ADAS FILE TYPE : 	ADF21
C     SOURCE FILE    :  /home/anderson/adas/adf26/bnl99#he/bnl99#he_ne10.dat        
C
C     USER ID	     :  anderson        
C
--------------------------------------------------------------------------------
 
C---------------------------------------------------------------------------------
C ADAS ADF21/bms99#he_slow DATA - SCCS info: @(#)$Header: /u/xshare/Attic/repos/codesys/source/adas/data/adf21/bms99#he_slow/gcrc31/gcrc31#he_ne10.dat,v 1.1 2009-07-30 05:38:54 Marina Gorelenkova Exp $ Date $Date: 2009-07-30 05:38:54 $
C---------------------------------------------------------------------------------
