    9 /GCRC7=3.961E-10 /SPEC=F  /DATE=06/01/99 /CODE=ADAS313
--------------------------------------------------------------------------------
   25   25 /TREF=1.000E+02
--------------------------------------------------------------------------------
 5.000E+01 1.000E+02 2.000E+02 3.000E+02 4.000E+02 5.000E+02 6.000E+02 7.000E+02
 8.000E+02 9.000E+02 1.000E+03 2.000E+03 3.000E+03 4.000E+03 5.000E+03 6.000E+03
 7.000E+03 8.000E+03 9.000E+03 1.000E+04 1.100E+04 1.200E+04 1.300E+04 1.400E+04
 1.500E+04
 1.000E+11 2.000E+11 3.000E+11 4.000E+11 5.000E+11 6.000E+11 7.000E+11 8.000E+11
 9.000E+11 1.000E+12 2.000E+12 3.000E+12 4.000E+12 5.000E+12 6.000E+12 7.000E+12
 8.000E+12 9.000E+12 1.000E+13 2.000E+13 3.000E+13 4.000E+13 5.000E+13 6.000E+13
 7.000E+13
--------------------------------------------------------------------------------
 5.033E-10 5.032E-10 5.030E-10 5.029E-10 5.027E-10 5.026E-10 5.024E-10 5.022E-10
 5.021E-10 5.019E-10 5.017E-10 4.878E-10 4.798E-10 4.803E-10 4.736E-10 4.696E-10
 4.703E-10 4.712E-10 4.719E-10 4.644E-10 4.589E-10 4.595E-10 4.600E-10 4.604E-10
 4.608E-10
 4.997E-10 4.996E-10 4.993E-10 4.991E-10 4.989E-10 4.986E-10 4.984E-10 4.981E-10
 4.979E-10 4.977E-10 4.974E-10 4.778E-10 4.674E-10 4.679E-10 4.559E-10 4.492E-10
 4.502E-10 4.513E-10 4.522E-10 4.377E-10 4.277E-10 4.285E-10 4.291E-10 4.297E-10
 4.303E-10
 4.961E-10 4.960E-10 4.957E-10 4.954E-10 4.952E-10 4.949E-10 4.946E-10 4.943E-10
 4.940E-10 4.937E-10 4.934E-10 4.706E-10 4.592E-10 4.597E-10 4.434E-10 4.350E-10
 4.361E-10 4.373E-10 4.383E-10 4.175E-10 4.038E-10 4.046E-10 4.054E-10 4.061E-10
 4.068E-10
 4.927E-10 4.925E-10 4.922E-10 4.919E-10 4.916E-10 4.913E-10 4.910E-10 4.907E-10
 4.903E-10 4.900E-10 4.897E-10 4.647E-10 4.531E-10 4.535E-10 4.337E-10 4.241E-10
 4.252E-10 4.265E-10 4.276E-10 4.011E-10 3.843E-10 3.852E-10 3.860E-10 3.868E-10
 3.876E-10
 4.894E-10 4.892E-10 4.889E-10 4.886E-10 4.882E-10 4.879E-10 4.876E-10 4.872E-10
 4.869E-10 4.865E-10 4.862E-10 4.598E-10 4.482E-10 4.485E-10 4.258E-10 4.153E-10
 4.164E-10 4.177E-10 4.188E-10 3.871E-10 3.679E-10 3.688E-10 3.697E-10 3.705E-10
 3.713E-10
 4.863E-10 4.861E-10 4.857E-10 4.854E-10 4.850E-10 4.847E-10 4.843E-10 4.839E-10
 4.836E-10 4.832E-10 4.829E-10 4.555E-10 4.440E-10 4.443E-10 4.190E-10 4.079E-10
 4.090E-10 4.103E-10 4.114E-10 3.750E-10 3.537E-10 3.547E-10 3.556E-10 3.564E-10
 3.573E-10
 4.832E-10 4.830E-10 4.827E-10 4.823E-10 4.819E-10 4.816E-10 4.812E-10 4.808E-10
 4.804E-10 4.801E-10 4.797E-10 4.517E-10 4.404E-10 4.407E-10 4.131E-10 4.015E-10
 4.026E-10 4.039E-10 4.050E-10 3.644E-10 3.414E-10 3.424E-10 3.433E-10 3.441E-10
 3.450E-10
 4.803E-10 4.801E-10 4.797E-10 4.794E-10 4.790E-10 4.786E-10 4.782E-10 4.778E-10
 4.775E-10 4.771E-10 4.767E-10 4.483E-10 4.372E-10 4.374E-10 4.079E-10 3.959E-10
 3.969E-10 3.983E-10 3.994E-10 3.548E-10 3.305E-10 3.315E-10 3.324E-10 3.332E-10
 3.341E-10
 4.775E-10 4.773E-10 4.769E-10 4.765E-10 4.762E-10 4.758E-10 4.754E-10 4.750E-10
 4.746E-10 4.742E-10 4.738E-10 4.451E-10 4.343E-10 4.345E-10 4.032E-10 3.908E-10
 3.919E-10 3.932E-10 3.943E-10 3.462E-10 3.207E-10 3.217E-10 3.226E-10 3.234E-10
 3.243E-10
 4.748E-10 4.746E-10 4.742E-10 4.738E-10 4.734E-10 4.730E-10 4.726E-10 4.722E-10
 4.718E-10 4.714E-10 4.710E-10 4.422E-10 4.317E-10 4.318E-10 3.989E-10 3.863E-10
 3.873E-10 3.887E-10 3.897E-10 3.383E-10 3.120E-10 3.129E-10 3.138E-10 3.147E-10
 3.155E-10
 4.516E-10 4.514E-10 4.510E-10 4.506E-10 4.502E-10 4.498E-10 4.494E-10 4.490E-10
 4.486E-10 4.482E-10 4.478E-10 4.199E-10 4.114E-10 4.111E-10 3.682E-10 3.550E-10
 3.558E-10 3.570E-10 3.577E-10 2.852E-10 2.562E-10 2.570E-10 2.577E-10 2.584E-10
 2.592E-10
 4.331E-10 4.329E-10 4.325E-10 4.321E-10 4.317E-10 4.313E-10 4.309E-10 4.305E-10
 4.301E-10 4.297E-10 4.293E-10 4.034E-10 3.961E-10 3.955E-10 3.480E-10 3.353E-10
 3.359E-10 3.369E-10 3.373E-10 2.556E-10 2.279E-10 2.285E-10 2.291E-10 2.297E-10
 2.303E-10
 4.173E-10 4.171E-10 4.168E-10 4.164E-10 4.160E-10 4.156E-10 4.152E-10 4.149E-10
 4.145E-10 4.141E-10 4.137E-10 3.896E-10 3.830E-10 3.823E-10 3.326E-10 3.207E-10
 3.212E-10 3.219E-10 3.222E-10 2.364E-10 2.107E-10 2.112E-10 2.117E-10 2.122E-10
 2.128E-10
 4.035E-10 4.034E-10 4.030E-10 4.026E-10 4.023E-10 4.019E-10 4.015E-10 4.011E-10
 4.008E-10 4.004E-10 4.000E-10 3.775E-10 3.715E-10 3.706E-10 3.201E-10 3.091E-10
 3.094E-10 3.101E-10 3.101E-10 2.230E-10 1.992E-10 1.997E-10 2.001E-10 2.005E-10
 2.010E-10
 3.913E-10 3.911E-10 3.907E-10 3.904E-10 3.900E-10 3.897E-10 3.893E-10 3.890E-10
 3.886E-10 3.882E-10 3.879E-10 3.668E-10 3.611E-10 3.601E-10 3.098E-10 2.995E-10
 2.998E-10 3.003E-10 3.002E-10 2.131E-10 1.910E-10 1.914E-10 1.918E-10 1.921E-10
 1.926E-10
 3.802E-10 3.800E-10 3.797E-10 3.794E-10 3.791E-10 3.787E-10 3.784E-10 3.780E-10
 3.777E-10 3.773E-10 3.769E-10 3.571E-10 3.517E-10 3.507E-10 3.011E-10 2.915E-10
 2.916E-10 2.921E-10 2.919E-10 2.055E-10 1.848E-10 1.852E-10 1.855E-10 1.858E-10
 1.862E-10
 3.702E-10 3.701E-10 3.698E-10 3.695E-10 3.691E-10 3.688E-10 3.685E-10 3.681E-10
 3.678E-10 3.674E-10 3.671E-10 3.483E-10 3.432E-10 3.421E-10 2.935E-10 2.845E-10
 2.847E-10 2.850E-10 2.847E-10 1.995E-10 1.800E-10 1.803E-10 1.807E-10 1.809E-10
 1.813E-10
 3.612E-10 3.610E-10 3.607E-10 3.604E-10 3.601E-10 3.598E-10 3.595E-10 3.591E-10
 3.588E-10 3.585E-10 3.581E-10 3.403E-10 3.355E-10 3.343E-10 2.870E-10 2.786E-10
 2.786E-10 2.789E-10 2.785E-10 1.946E-10 1.762E-10 1.765E-10 1.768E-10 1.770E-10
 1.774E-10
 3.529E-10 3.528E-10 3.525E-10 3.522E-10 3.519E-10 3.516E-10 3.513E-10 3.509E-10
 3.506E-10 3.503E-10 3.500E-10 3.331E-10 3.284E-10 3.272E-10 2.812E-10 2.733E-10
 2.733E-10 2.735E-10 2.731E-10 1.905E-10 1.731E-10 1.733E-10 1.736E-10 1.738E-10
 1.742E-10
 2.990E-10 2.989E-10 2.987E-10 2.985E-10 2.982E-10 2.980E-10 2.978E-10 2.975E-10
 2.973E-10 2.970E-10 2.968E-10 2.856E-10 2.823E-10 2.812E-10 2.473E-10 2.425E-10
 2.423E-10 2.422E-10 2.415E-10 1.707E-10 1.583E-10 1.584E-10 1.586E-10 1.587E-10
 1.589E-10
 2.718E-10 2.717E-10 2.715E-10 2.713E-10 2.712E-10 2.710E-10 2.708E-10 2.706E-10
 2.704E-10 2.702E-10 2.700E-10 2.617E-10 2.591E-10 2.581E-10 2.320E-10 2.284E-10
 2.282E-10 2.280E-10 2.272E-10 1.635E-10 1.531E-10 1.532E-10 1.533E-10 1.534E-10
 1.536E-10
 2.557E-10 2.556E-10 2.555E-10 2.554E-10 2.552E-10 2.551E-10 2.549E-10 2.548E-10
 2.546E-10 2.545E-10 2.543E-10 2.476E-10 2.455E-10 2.446E-10 2.233E-10 2.204E-10
 2.201E-10 2.199E-10 2.191E-10 1.597E-10 1.504E-10 1.505E-10 1.507E-10 1.508E-10
 1.509E-10
 2.452E-10 2.452E-10 2.451E-10 2.450E-10 2.448E-10 2.447E-10 2.446E-10 2.444E-10
 2.443E-10 2.442E-10 2.440E-10 2.384E-10 2.366E-10 2.358E-10 2.176E-10 2.152E-10
 2.149E-10 2.147E-10 2.139E-10 1.574E-10 1.489E-10 1.489E-10 1.490E-10 1.491E-10
 1.493E-10
 2.379E-10 2.379E-10 2.378E-10 2.377E-10 2.376E-10 2.374E-10 2.373E-10 2.372E-10
 2.371E-10 2.370E-10 2.368E-10 2.320E-10 2.304E-10 2.296E-10 2.137E-10 2.116E-10
 2.113E-10 2.110E-10 2.102E-10 1.559E-10 1.478E-10 1.479E-10 1.480E-10 1.480E-10
 1.482E-10
 2.325E-10 2.325E-10 2.324E-10 2.323E-10 2.322E-10 2.321E-10 2.320E-10 2.319E-10
 2.318E-10 2.317E-10 2.315E-10 2.272E-10 2.258E-10 2.251E-10 2.108E-10 2.089E-10
 2.086E-10 2.083E-10 2.076E-10 1.548E-10 1.470E-10 1.471E-10 1.472E-10 1.473E-10
 1.474E-10
--------------------------------------------------------------------------------
   20 /EREF=3.000E+03 /NREF=3.000E+12
--------------------------------------------------------------------------------
 1.000E+01 2.000E+01 3.000E+01 4.000E+01 5.000E+01 6.000E+01 7.000E+01 8.000E+01
 8.966E+01 1.000E+02 2.000E+02 3.000E+02 4.000E+02 5.000E+02 6.000E+02 7.000E+02
 8.000E+02 8.966E+02 1.000E+03 2.000E+03
--------------------------------------------------------------------------------
 3.905E-10 7.177E-10 7.517E-10 7.052E-10 6.421E-10 5.801E-10 5.243E-10 4.754E-10
 4.329E-10 3.961E-10 2.001E-10 1.267E-10 8.996E-11 6.839E-11 5.442E-11 4.474E-11
 3.768E-11 3.234E-11 2.819E-11 1.109E-11
--------------------------------------------------------------------------------
C
C
C     ADAS FILE TYPE : 	ADF21
C     SOURCE FILE    :  /home/anderson/adas/adf26/bnl99#he/bnl99#he_f9.dat          
C
C     USER ID	     :  anderson        
C
--------------------------------------------------------------------------------
 
C---------------------------------------------------------------------------------
C ADAS ADF21/bms99#he_slow DATA - SCCS info: @(#)$Header: /u/xshare/Attic/repos/codesys/source/adas/data/adf21/bms99#he_slow/gcrc31/gcrc31#he_f9.dat,v 1.1 2009-07-30 05:38:53 Marina Gorelenkova Exp $ Date $Date: 2009-07-30 05:38:53 $
C---------------------------------------------------------------------------------
