    7 /GCRC1=4.754E-08 /SPEC=N  /DATE=16/02/04 /CODE=interpl
--------------------------------------------------------------------------------
   25   25 /TREF=1.000E+02
--------------------------------------------------------------------------------
 5.000E+01 1.000E+02 2.000E+02 3.000E+02 4.000E+02 5.000E+02 6.000E+02 7.000E+02
 8.000E+02 9.000E+02 1.000E+03 2.000E+03 3.000E+03 4.000E+03 5.000E+03 6.000E+03
 7.000E+03 8.000E+03 9.000E+03 1.000E+04 1.100E+04 1.200E+04 1.300E+04 1.400E+04
 1.500E+04
 1.000E+11 2.000E+11 3.000E+11 4.000E+11 5.000E+11 6.000E+11 7.000E+11 8.000E+11
 9.000E+11 1.000E+12 2.000E+12 3.000E+12 4.000E+12 5.000E+12 6.000E+12 7.000E+12
 8.000E+12 9.000E+12 1.000E+13 2.000E+13 3.000E+13 4.000E+13 5.000E+13 6.000E+13
 7.000E+13
--------------------------------------------------------------------------------
 2.453E-08 2.517E-08 2.628E-08 2.730E-08 2.829E-08 2.927E-08 3.024E-08 3.118E-08
 3.207E-08 3.292E-08 3.373E-08 4.050E-08 4.596E-08 5.062E-08 5.461E-08 5.831E-08
 6.176E-08 6.486E-08 6.777E-08 7.053E-08 7.305E-08 7.544E-08 7.775E-08 7.998E-08
 8.210E-08
 2.470E-08 2.534E-08 2.646E-08 2.748E-08 2.848E-08 2.946E-08 3.043E-08 3.137E-08
 3.226E-08 3.312E-08 3.393E-08 4.077E-08 4.625E-08 5.091E-08 5.491E-08 5.862E-08
 6.207E-08 6.517E-08 6.809E-08 7.085E-08 7.336E-08 7.576E-08 7.806E-08 8.030E-08
 8.242E-08
 2.479E-08 2.544E-08 2.656E-08 2.758E-08 2.858E-08 2.957E-08 3.054E-08 3.148E-08
 3.238E-08 3.323E-08 3.404E-08 4.093E-08 4.642E-08 5.108E-08 5.509E-08 5.881E-08
 6.227E-08 6.536E-08 6.829E-08 7.105E-08 7.357E-08 7.596E-08 7.827E-08 8.050E-08
 8.262E-08
 2.486E-08 2.552E-08 2.663E-08 2.766E-08 2.865E-08 2.964E-08 3.062E-08 3.155E-08
 3.245E-08 3.330E-08 3.412E-08 4.104E-08 4.655E-08 5.121E-08 5.523E-08 5.896E-08
 6.241E-08 6.551E-08 6.844E-08 7.120E-08 7.372E-08 7.612E-08 7.842E-08 8.066E-08
 8.278E-08
 2.492E-08 2.557E-08 2.669E-08 2.772E-08 2.871E-08 2.970E-08 3.068E-08 3.161E-08
 3.251E-08 3.337E-08 3.419E-08 4.114E-08 4.666E-08 5.132E-08 5.535E-08 5.907E-08
 6.253E-08 6.563E-08 6.856E-08 7.132E-08 7.384E-08 7.624E-08 7.854E-08 8.078E-08
 8.290E-08
 2.497E-08 2.562E-08 2.674E-08 2.777E-08 2.876E-08 2.975E-08 3.072E-08 3.167E-08
 3.257E-08 3.342E-08 3.424E-08 4.122E-08 4.674E-08 5.141E-08 5.544E-08 5.917E-08
 6.263E-08 6.573E-08 6.866E-08 7.142E-08 7.395E-08 7.634E-08 7.865E-08 8.089E-08
 8.301E-08
 2.501E-08 2.567E-08 2.678E-08 2.781E-08 2.881E-08 2.979E-08 3.077E-08 3.171E-08
 3.261E-08 3.347E-08 3.428E-08 4.129E-08 4.682E-08 5.149E-08 5.553E-08 5.926E-08
 6.272E-08 6.582E-08 6.875E-08 7.151E-08 7.404E-08 7.644E-08 7.874E-08 8.098E-08
 8.310E-08
 2.505E-08 2.570E-08 2.682E-08 2.785E-08 2.885E-08 2.983E-08 3.081E-08 3.175E-08
 3.266E-08 3.351E-08 3.433E-08 4.135E-08 4.689E-08 5.156E-08 5.560E-08 5.934E-08
 6.280E-08 6.590E-08 6.882E-08 7.159E-08 7.411E-08 7.651E-08 7.882E-08 8.106E-08
 8.318E-08
 2.508E-08 2.573E-08 2.686E-08 2.788E-08 2.889E-08 2.987E-08 3.085E-08 3.179E-08
 3.269E-08 3.355E-08 3.437E-08 4.141E-08 4.694E-08 5.162E-08 5.566E-08 5.940E-08
 6.287E-08 6.597E-08 6.889E-08 7.166E-08 7.418E-08 7.658E-08 7.889E-08 8.113E-08
 8.325E-08
 2.512E-08 2.577E-08 2.689E-08 2.792E-08 2.892E-08 2.991E-08 3.088E-08 3.183E-08
 3.273E-08 3.358E-08 3.440E-08 4.145E-08 4.700E-08 5.167E-08 5.572E-08 5.947E-08
 6.293E-08 6.603E-08 6.895E-08 7.172E-08 7.425E-08 7.665E-08 7.895E-08 8.119E-08
 8.332E-08
 2.536E-08 2.602E-08 2.714E-08 2.817E-08 2.917E-08 3.016E-08 3.114E-08 3.209E-08
 3.299E-08 3.385E-08 3.466E-08 4.178E-08 4.734E-08 5.203E-08 5.611E-08 5.988E-08
 6.334E-08 6.644E-08 6.937E-08 7.214E-08 7.468E-08 7.707E-08 7.939E-08 8.162E-08
 8.374E-08
 2.553E-08 2.619E-08 2.731E-08 2.834E-08 2.934E-08 3.033E-08 3.131E-08 3.226E-08
 3.316E-08 3.402E-08 3.484E-08 4.196E-08 4.754E-08 5.222E-08 5.634E-08 6.012E-08
 6.358E-08 6.668E-08 6.961E-08 7.239E-08 7.493E-08 7.732E-08 7.963E-08 8.187E-08
 8.399E-08
 2.566E-08 2.632E-08 2.743E-08 2.847E-08 2.947E-08 3.046E-08 3.144E-08 3.239E-08
 3.329E-08 3.415E-08 3.497E-08 4.209E-08 4.768E-08 5.236E-08 5.650E-08 6.029E-08
 6.375E-08 6.685E-08 6.977E-08 7.257E-08 7.511E-08 7.751E-08 7.982E-08 8.205E-08
 8.418E-08
 2.577E-08 2.642E-08 2.754E-08 2.858E-08 2.958E-08 3.057E-08 3.155E-08 3.250E-08
 3.340E-08 3.425E-08 3.508E-08 4.219E-08 4.777E-08 5.246E-08 5.662E-08 6.042E-08
 6.388E-08 6.698E-08 6.990E-08 7.270E-08 7.525E-08 7.765E-08 7.996E-08 8.219E-08
 8.432E-08
 2.585E-08 2.651E-08 2.763E-08 2.866E-08 2.967E-08 3.066E-08 3.164E-08 3.258E-08
 3.349E-08 3.434E-08 3.517E-08 4.227E-08 4.785E-08 5.253E-08 5.672E-08 6.053E-08
 6.399E-08 6.709E-08 7.001E-08 7.282E-08 7.537E-08 7.777E-08 8.008E-08 8.232E-08
 8.443E-08
 2.593E-08 2.659E-08 2.770E-08 2.874E-08 2.974E-08 3.073E-08 3.171E-08 3.266E-08
 3.356E-08 3.442E-08 3.524E-08 4.233E-08 4.791E-08 5.259E-08 5.680E-08 6.062E-08
 6.408E-08 6.718E-08 7.010E-08 7.291E-08 7.548E-08 7.787E-08 8.018E-08 8.242E-08
 8.454E-08
 2.600E-08 2.666E-08 2.777E-08 2.881E-08 2.981E-08 3.080E-08 3.178E-08 3.273E-08
 3.363E-08 3.448E-08 3.531E-08 4.239E-08 4.796E-08 5.265E-08 5.687E-08 6.070E-08
 6.416E-08 6.726E-08 7.017E-08 7.300E-08 7.557E-08 7.796E-08 8.028E-08 8.251E-08
 8.464E-08
 2.606E-08 2.672E-08 2.783E-08 2.887E-08 2.987E-08 3.086E-08 3.184E-08 3.279E-08
 3.368E-08 3.454E-08 3.537E-08 4.243E-08 4.801E-08 5.269E-08 5.694E-08 6.077E-08
 6.423E-08 6.733E-08 7.024E-08 7.308E-08 7.566E-08 7.805E-08 8.036E-08 8.259E-08
 8.472E-08
 2.612E-08 2.677E-08 2.789E-08 2.892E-08 2.992E-08 3.091E-08 3.189E-08 3.284E-08
 3.374E-08 3.459E-08 3.542E-08 4.248E-08 4.805E-08 5.274E-08 5.699E-08 6.083E-08
 6.429E-08 6.739E-08 7.030E-08 7.315E-08 7.573E-08 7.812E-08 8.044E-08 8.267E-08
 8.479E-08
 2.649E-08 2.714E-08 2.826E-08 2.929E-08 3.029E-08 3.128E-08 3.226E-08 3.320E-08
 3.411E-08 3.496E-08 3.578E-08 4.278E-08 4.833E-08 5.302E-08 5.738E-08 6.123E-08
 6.470E-08 6.780E-08 7.072E-08 7.364E-08 7.628E-08 7.868E-08 8.099E-08 8.323E-08
 8.536E-08
 2.673E-08 2.738E-08 2.850E-08 2.953E-08 3.053E-08 3.151E-08 3.249E-08 3.343E-08
 3.433E-08 3.519E-08 3.601E-08 4.297E-08 4.851E-08 5.321E-08 5.761E-08 6.147E-08
 6.493E-08 6.803E-08 7.096E-08 7.395E-08 7.665E-08 7.906E-08 8.137E-08 8.362E-08
 8.575E-08
 2.691E-08 2.756E-08 2.867E-08 2.971E-08 3.070E-08 3.169E-08 3.267E-08 3.361E-08
 3.451E-08 3.537E-08 3.618E-08 4.311E-08 4.866E-08 5.336E-08 5.778E-08 6.164E-08
 6.510E-08 6.821E-08 7.114E-08 7.419E-08 7.695E-08 7.935E-08 8.168E-08 8.393E-08
 8.605E-08
 2.706E-08 2.771E-08 2.882E-08 2.985E-08 3.085E-08 3.184E-08 3.281E-08 3.375E-08
 3.465E-08 3.551E-08 3.632E-08 4.324E-08 4.878E-08 5.348E-08 5.791E-08 6.176E-08
 6.523E-08 6.834E-08 7.127E-08 7.440E-08 7.719E-08 7.961E-08 8.194E-08 8.418E-08
 8.632E-08
 2.718E-08 2.783E-08 2.895E-08 2.998E-08 3.098E-08 3.197E-08 3.294E-08 3.388E-08
 3.478E-08 3.563E-08 3.645E-08 4.335E-08 4.888E-08 5.359E-08 5.803E-08 6.187E-08
 6.534E-08 6.845E-08 7.138E-08 7.457E-08 7.741E-08 7.983E-08 8.216E-08 8.441E-08
 8.656E-08
 2.730E-08 2.794E-08 2.906E-08 3.009E-08 3.109E-08 3.208E-08 3.305E-08 3.399E-08
 3.489E-08 3.574E-08 3.656E-08 4.345E-08 4.898E-08 5.369E-08 5.812E-08 6.196E-08
 6.544E-08 6.855E-08 7.148E-08 7.473E-08 7.760E-08 8.002E-08 8.236E-08 8.461E-08
 8.676E-08
--------------------------------------------------------------------------------
   20 /EREF=3.000E+03 /NREF=3.000E+12
--------------------------------------------------------------------------------
 1.000E+01 2.000E+01 3.000E+01 4.000E+01 5.000E+01 6.000E+01 7.000E+01 8.000E+01
 8.966E+01 1.000E+02 2.000E+02 3.000E+02 4.000E+02 5.000E+02 6.000E+02 7.000E+02
 8.000E+02 8.966E+02 1.000E+03 2.000E+03
--------------------------------------------------------------------------------
 2.484E-08 2.997E-08 3.427E-08 3.763E-08 4.027E-08 4.237E-08 4.407E-08 4.545E-08
 4.659E-08 4.754E-08 5.178E-08 5.246E-08 5.224E-08 5.174E-08 5.117E-08 5.059E-08
 5.002E-08 4.949E-08 4.901E-08 4.549E-08
--------------------------------------------------------------------------------
C
C  This adf21 file was interpolated from the set :
C
C     /home/adas/adas/adf21/bms99#he_slow/gcrc11/gcrc11#he_he2.dat
C     /home/adas/adas/adf21/bms99#he_slow/gcrc11/gcrc11#he_be4.dat
C     /home/adas/adas/adf21/bms99#he_slow/gcrc11/gcrc11#he_c6.dat
C     /home/adas/adas/adf21/bms99#he_slow/gcrc11/gcrc11#he_o8.dat
C
C   AUTHOR : Martin O'Mullane
C   DATE   : 16/02/04
C
C-------------------------------------------------------------------------------

C--------------------------------------------------------------------------------
C  SCCS info: Module @(#)$Header: /u/xshare/Attic/repos/codesys/source/adas/data/adf21/bms99#he_slow/gcrc11/gcrc11#he_n7.dat,v 1.1 2009-07-30 05:40:35 Marina Gorelenkova Exp $ Date $Date: 2009-07-30 05:40:35 $
C--------------------------------------------------------------------------------
