    5 /GCRC1=4.371E-08 /SPEC=B  /DATE=16/02/04 /CODE=interpl
--------------------------------------------------------------------------------
   25   25 /TREF=1.000E+02
--------------------------------------------------------------------------------
 5.000E+01 1.000E+02 2.000E+02 3.000E+02 4.000E+02 5.000E+02 6.000E+02 7.000E+02
 8.000E+02 9.000E+02 1.000E+03 2.000E+03 3.000E+03 4.000E+03 5.000E+03 6.000E+03
 7.000E+03 8.000E+03 9.000E+03 1.000E+04 1.100E+04 1.200E+04 1.300E+04 1.400E+04
 1.500E+04
 1.000E+11 2.000E+11 3.000E+11 4.000E+11 5.000E+11 6.000E+11 7.000E+11 8.000E+11
 9.000E+11 1.000E+12 2.000E+12 3.000E+12 4.000E+12 5.000E+12 6.000E+12 7.000E+12
 8.000E+12 9.000E+12 1.000E+13 2.000E+13 3.000E+13 4.000E+13 5.000E+13 6.000E+13
 7.000E+13
--------------------------------------------------------------------------------
 2.310E-08 2.332E-08 2.387E-08 2.454E-08 2.528E-08 2.606E-08 2.688E-08 2.771E-08
 2.852E-08 2.930E-08 3.007E-08 3.666E-08 4.211E-08 4.685E-08 5.104E-08 5.493E-08
 5.859E-08 6.189E-08 6.500E-08 6.796E-08 7.059E-08 7.308E-08 7.549E-08 7.783E-08
 8.002E-08
 2.327E-08 2.349E-08 2.406E-08 2.473E-08 2.547E-08 2.626E-08 2.709E-08 2.792E-08
 2.872E-08 2.952E-08 3.028E-08 3.693E-08 4.240E-08 4.714E-08 5.134E-08 5.523E-08
 5.890E-08 6.219E-08 6.531E-08 6.827E-08 7.090E-08 7.339E-08 7.580E-08 7.814E-08
 8.033E-08
 2.338E-08 2.360E-08 2.417E-08 2.484E-08 2.559E-08 2.638E-08 2.721E-08 2.804E-08
 2.885E-08 2.963E-08 3.040E-08 3.709E-08 4.257E-08 4.732E-08 5.153E-08 5.543E-08
 5.910E-08 6.238E-08 6.551E-08 6.847E-08 7.111E-08 7.359E-08 7.601E-08 7.834E-08
 8.054E-08
 2.345E-08 2.368E-08 2.425E-08 2.493E-08 2.566E-08 2.646E-08 2.729E-08 2.812E-08
 2.893E-08 2.972E-08 3.049E-08 3.721E-08 4.270E-08 4.745E-08 5.167E-08 5.557E-08
 5.923E-08 6.253E-08 6.566E-08 6.862E-08 7.126E-08 7.375E-08 7.616E-08 7.850E-08
 8.069E-08
 2.351E-08 2.373E-08 2.431E-08 2.499E-08 2.572E-08 2.652E-08 2.735E-08 2.819E-08
 2.900E-08 2.979E-08 3.056E-08 3.731E-08 4.281E-08 4.756E-08 5.177E-08 5.569E-08
 5.936E-08 6.265E-08 6.578E-08 6.874E-08 7.138E-08 7.387E-08 7.628E-08 7.862E-08
 8.082E-08
 2.356E-08 2.378E-08 2.436E-08 2.504E-08 2.578E-08 2.658E-08 2.740E-08 2.825E-08
 2.906E-08 2.985E-08 3.061E-08 3.739E-08 4.289E-08 4.765E-08 5.187E-08 5.579E-08
 5.945E-08 6.275E-08 6.588E-08 6.884E-08 7.148E-08 7.398E-08 7.638E-08 7.873E-08
 8.092E-08
 2.361E-08 2.383E-08 2.441E-08 2.508E-08 2.583E-08 2.662E-08 2.745E-08 2.829E-08
 2.910E-08 2.990E-08 3.067E-08 3.747E-08 4.297E-08 4.773E-08 5.195E-08 5.587E-08
 5.954E-08 6.284E-08 6.597E-08 6.893E-08 7.157E-08 7.406E-08 7.647E-08 7.882E-08
 8.101E-08
 2.365E-08 2.387E-08 2.445E-08 2.512E-08 2.587E-08 2.666E-08 2.750E-08 2.833E-08
 2.915E-08 2.994E-08 3.071E-08 3.753E-08 4.304E-08 4.780E-08 5.203E-08 5.595E-08
 5.963E-08 6.292E-08 6.605E-08 6.901E-08 7.165E-08 7.414E-08 7.655E-08 7.890E-08
 8.109E-08
 2.368E-08 2.390E-08 2.449E-08 2.516E-08 2.591E-08 2.670E-08 2.754E-08 2.837E-08
 2.918E-08 2.998E-08 3.076E-08 3.758E-08 4.309E-08 4.786E-08 5.210E-08 5.602E-08
 5.970E-08 6.299E-08 6.611E-08 6.908E-08 7.172E-08 7.421E-08 7.662E-08 7.897E-08
 8.116E-08
 2.372E-08 2.395E-08 2.452E-08 2.519E-08 2.594E-08 2.674E-08 2.757E-08 2.841E-08
 2.922E-08 3.002E-08 3.079E-08 3.763E-08 4.315E-08 4.792E-08 5.215E-08 5.608E-08
 5.975E-08 6.305E-08 6.618E-08 6.914E-08 7.178E-08 7.428E-08 7.669E-08 7.903E-08
 8.123E-08
 2.397E-08 2.420E-08 2.477E-08 2.546E-08 2.621E-08 2.700E-08 2.785E-08 2.868E-08
 2.950E-08 3.029E-08 3.106E-08 3.796E-08 4.351E-08 4.828E-08 5.254E-08 5.649E-08
 6.016E-08 6.346E-08 6.659E-08 6.956E-08 7.220E-08 7.469E-08 7.711E-08 7.944E-08
 8.164E-08
 2.414E-08 2.437E-08 2.495E-08 2.563E-08 2.638E-08 2.718E-08 2.802E-08 2.886E-08
 2.968E-08 3.047E-08 3.125E-08 3.816E-08 4.371E-08 4.848E-08 5.277E-08 5.673E-08
 6.040E-08 6.370E-08 6.682E-08 6.980E-08 7.245E-08 7.494E-08 7.735E-08 7.969E-08
 8.189E-08
 2.427E-08 2.450E-08 2.508E-08 2.576E-08 2.651E-08 2.732E-08 2.815E-08 2.899E-08
 2.981E-08 3.061E-08 3.138E-08 3.829E-08 4.385E-08 4.862E-08 5.293E-08 5.690E-08
 6.057E-08 6.387E-08 6.698E-08 6.997E-08 7.262E-08 7.511E-08 7.752E-08 7.987E-08
 8.206E-08
 2.438E-08 2.460E-08 2.519E-08 2.587E-08 2.662E-08 2.742E-08 2.826E-08 2.910E-08
 2.992E-08 3.071E-08 3.149E-08 3.839E-08 4.395E-08 4.872E-08 5.305E-08 5.702E-08
 6.070E-08 6.399E-08 6.711E-08 7.010E-08 7.276E-08 7.525E-08 7.767E-08 8.001E-08
 8.220E-08
 2.447E-08 2.470E-08 2.528E-08 2.595E-08 2.671E-08 2.751E-08 2.835E-08 2.918E-08
 3.000E-08 3.080E-08 3.158E-08 3.847E-08 4.403E-08 4.880E-08 5.315E-08 5.713E-08
 6.080E-08 6.409E-08 6.722E-08 7.022E-08 7.288E-08 7.537E-08 7.778E-08 8.012E-08
 8.231E-08
 2.455E-08 2.477E-08 2.535E-08 2.603E-08 2.678E-08 2.759E-08 2.842E-08 2.926E-08
 3.008E-08 3.088E-08 3.165E-08 3.854E-08 4.410E-08 4.887E-08 5.323E-08 5.721E-08
 6.089E-08 6.419E-08 6.731E-08 7.031E-08 7.297E-08 7.547E-08 7.787E-08 8.022E-08
 8.241E-08
 2.461E-08 2.484E-08 2.542E-08 2.610E-08 2.685E-08 2.765E-08 2.849E-08 2.933E-08
 3.015E-08 3.095E-08 3.172E-08 3.859E-08 4.415E-08 4.893E-08 5.329E-08 5.729E-08
 6.097E-08 6.426E-08 6.738E-08 7.039E-08 7.306E-08 7.555E-08 7.796E-08 8.031E-08
 8.250E-08
 2.468E-08 2.490E-08 2.548E-08 2.616E-08 2.691E-08 2.771E-08 2.855E-08 2.939E-08
 3.021E-08 3.101E-08 3.178E-08 3.864E-08 4.420E-08 4.897E-08 5.336E-08 5.736E-08
 6.104E-08 6.433E-08 6.745E-08 7.046E-08 7.314E-08 7.563E-08 7.804E-08 8.039E-08
 8.258E-08
 2.473E-08 2.496E-08 2.554E-08 2.621E-08 2.696E-08 2.777E-08 2.860E-08 2.944E-08
 3.026E-08 3.106E-08 3.183E-08 3.869E-08 4.425E-08 4.902E-08 5.341E-08 5.742E-08
 6.110E-08 6.439E-08 6.751E-08 7.053E-08 7.321E-08 7.570E-08 7.812E-08 8.045E-08
 8.265E-08
 2.511E-08 2.534E-08 2.591E-08 2.659E-08 2.733E-08 2.814E-08 2.897E-08 2.980E-08
 3.062E-08 3.142E-08 3.219E-08 3.900E-08 4.454E-08 4.932E-08 5.380E-08 5.783E-08
 6.151E-08 6.480E-08 6.793E-08 7.100E-08 7.373E-08 7.623E-08 7.864E-08 8.099E-08
 8.318E-08
 2.535E-08 2.557E-08 2.615E-08 2.682E-08 2.757E-08 2.837E-08 2.920E-08 3.003E-08
 3.085E-08 3.164E-08 3.242E-08 3.919E-08 4.473E-08 4.951E-08 5.403E-08 5.808E-08
 6.175E-08 6.505E-08 6.818E-08 7.131E-08 7.408E-08 7.659E-08 7.901E-08 8.135E-08
 8.355E-08
 2.553E-08 2.575E-08 2.632E-08 2.700E-08 2.774E-08 2.855E-08 2.938E-08 3.021E-08
 3.103E-08 3.182E-08 3.259E-08 3.935E-08 4.488E-08 4.966E-08 5.421E-08 5.825E-08
 6.193E-08 6.523E-08 6.836E-08 7.154E-08 7.436E-08 7.687E-08 7.930E-08 8.165E-08
 8.385E-08
 2.568E-08 2.589E-08 2.647E-08 2.715E-08 2.789E-08 2.869E-08 2.952E-08 3.035E-08
 3.117E-08 3.196E-08 3.273E-08 3.948E-08 4.501E-08 4.979E-08 5.435E-08 5.839E-08
 6.207E-08 6.537E-08 6.851E-08 7.174E-08 7.459E-08 7.710E-08 7.953E-08 8.189E-08
 8.410E-08
 2.580E-08 2.602E-08 2.660E-08 2.727E-08 2.802E-08 2.882E-08 2.965E-08 3.048E-08
 3.130E-08 3.209E-08 3.286E-08 3.959E-08 4.511E-08 4.990E-08 5.447E-08 5.850E-08
 6.218E-08 6.549E-08 6.863E-08 7.190E-08 7.480E-08 7.731E-08 7.974E-08 8.210E-08
 8.432E-08
 2.592E-08 2.613E-08 2.671E-08 2.738E-08 2.813E-08 2.893E-08 2.976E-08 3.059E-08
 3.141E-08 3.220E-08 3.297E-08 3.969E-08 4.521E-08 5.000E-08 5.457E-08 5.861E-08
 6.229E-08 6.559E-08 6.874E-08 7.206E-08 7.498E-08 7.750E-08 7.994E-08 8.230E-08
 8.452E-08
--------------------------------------------------------------------------------
   20 /EREF=3.000E+03 /NREF=3.000E+12
--------------------------------------------------------------------------------
 1.000E+01 2.000E+01 3.000E+01 4.000E+01 5.000E+01 6.000E+01 7.000E+01 8.000E+01
 8.966E+01 1.000E+02 2.000E+02 3.000E+02 4.000E+02 5.000E+02 6.000E+02 7.000E+02
 8.000E+02 8.966E+02 1.000E+03 2.000E+03
--------------------------------------------------------------------------------
 2.113E-08 2.621E-08 3.048E-08 3.383E-08 3.645E-08 3.855E-08 4.025E-08 4.162E-08
 4.276E-08 4.371E-08 4.795E-08 4.865E-08 4.844E-08 4.795E-08 4.740E-08 4.683E-08
 4.629E-08 4.577E-08 4.529E-08 4.193E-08
--------------------------------------------------------------------------------
C
C  This adf21 file was interpolated from the set :
C
C     /home/adas/adas/adf21/bms99#he_slow/gcrc11/gcrc11#he_he2.dat
C     /home/adas/adas/adf21/bms99#he_slow/gcrc11/gcrc11#he_be4.dat
C     /home/adas/adas/adf21/bms99#he_slow/gcrc11/gcrc11#he_c6.dat
C     /home/adas/adas/adf21/bms99#he_slow/gcrc11/gcrc11#he_o8.dat
C
C   AUTHOR : Martin O'Mullane
C   DATE   : 16/02/04
C
C-------------------------------------------------------------------------------

C--------------------------------------------------------------------------------
C  SCCS info: Module @(#)$Header: /u/xshare/Attic/repos/codesys/source/adas/data/adf21/bms99#he_slow/gcrc11/gcrc11#he_b5.dat,v 1.1 2009-07-30 05:40:35 Marina Gorelenkova Exp $ Date $Date: 2009-07-30 05:40:35 $
C--------------------------------------------------------------------------------
