    8 /GCRC3=1.425E-09 /SPEC=O  /DATE=06/01/99 /CODE=ADAS313
--------------------------------------------------------------------------------
   25   25 /TREF=1.000E+02
--------------------------------------------------------------------------------
 5.000E+01 1.000E+02 2.000E+02 3.000E+02 4.000E+02 5.000E+02 6.000E+02 7.000E+02
 8.000E+02 9.000E+02 1.000E+03 2.000E+03 3.000E+03 4.000E+03 5.000E+03 6.000E+03
 7.000E+03 8.000E+03 9.000E+03 1.000E+04 1.100E+04 1.200E+04 1.300E+04 1.400E+04
 1.500E+04
 1.000E+11 2.000E+11 3.000E+11 4.000E+11 5.000E+11 6.000E+11 7.000E+11 8.000E+11
 9.000E+11 1.000E+12 2.000E+12 3.000E+12 4.000E+12 5.000E+12 6.000E+12 7.000E+12
 8.000E+12 9.000E+12 1.000E+13 2.000E+13 3.000E+13 4.000E+13 5.000E+13 6.000E+13
 7.000E+13
--------------------------------------------------------------------------------
 2.697E-09 2.696E-09 2.695E-09 2.694E-09 2.694E-09 2.693E-09 2.692E-09 2.692E-09
 2.691E-09 2.690E-09 2.690E-09 2.477E-09 2.279E-09 2.296E-09 2.295E-09 2.301E-09
 2.318E-09 2.334E-09 2.348E-09 2.358E-09 2.368E-09 2.377E-09 2.384E-09 2.391E-09
 2.397E-09
 2.665E-09 2.663E-09 2.661E-09 2.659E-09 2.658E-09 2.657E-09 2.655E-09 2.654E-09
 2.653E-09 2.652E-09 2.650E-09 2.308E-09 2.030E-09 2.052E-09 2.045E-09 2.049E-09
 2.072E-09 2.093E-09 2.110E-09 2.123E-09 2.135E-09 2.146E-09 2.156E-09 2.165E-09
 2.173E-09
 2.635E-09 2.632E-09 2.630E-09 2.627E-09 2.625E-09 2.624E-09 2.622E-09 2.620E-09
 2.618E-09 2.616E-09 2.614E-09 2.186E-09 1.870E-09 1.892E-09 1.880E-09 1.881E-09
 1.906E-09 1.929E-09 1.948E-09 1.960E-09 1.971E-09 1.984E-09 1.995E-09 2.004E-09
 2.013E-09
 2.608E-09 2.606E-09 2.602E-09 2.599E-09 2.597E-09 2.595E-09 2.592E-09 2.590E-09
 2.588E-09 2.585E-09 2.583E-09 2.094E-09 1.758E-09 1.781E-09 1.763E-09 1.762E-09
 1.787E-09 1.811E-09 1.830E-09 1.839E-09 1.849E-09 1.863E-09 1.874E-09 1.884E-09
 1.893E-09
 2.585E-09 2.582E-09 2.578E-09 2.575E-09 2.572E-09 2.570E-09 2.567E-09 2.564E-09
 2.562E-09 2.559E-09 2.556E-09 2.021E-09 1.676E-09 1.699E-09 1.676E-09 1.672E-09
 1.698E-09 1.721E-09 1.741E-09 1.747E-09 1.755E-09 1.769E-09 1.780E-09 1.790E-09
 1.799E-09
 2.565E-09 2.562E-09 2.558E-09 2.555E-09 2.551E-09 2.548E-09 2.545E-09 2.542E-09
 2.539E-09 2.536E-09 2.533E-09 1.964E-09 1.615E-09 1.637E-09 1.610E-09 1.604E-09
 1.629E-09 1.652E-09 1.672E-09 1.674E-09 1.680E-09 1.693E-09 1.705E-09 1.715E-09
 1.723E-09
 2.548E-09 2.545E-09 2.541E-09 2.537E-09 2.533E-09 2.530E-09 2.527E-09 2.523E-09
 2.520E-09 2.516E-09 2.513E-09 1.917E-09 1.568E-09 1.590E-09 1.558E-09 1.550E-09
 1.575E-09 1.598E-09 1.617E-09 1.614E-09 1.618E-09 1.631E-09 1.642E-09 1.652E-09
 1.661E-09
 2.533E-09 2.530E-09 2.525E-09 2.521E-09 2.518E-09 2.514E-09 2.510E-09 2.507E-09
 2.503E-09 2.499E-09 2.496E-09 1.879E-09 1.531E-09 1.552E-09 1.517E-09 1.507E-09
 1.531E-09 1.554E-09 1.573E-09 1.565E-09 1.565E-09 1.579E-09 1.590E-09 1.600E-09
 1.608E-09
 2.521E-09 2.517E-09 2.512E-09 2.508E-09 2.504E-09 2.500E-09 2.496E-09 2.493E-09
 2.489E-09 2.485E-09 2.481E-09 1.847E-09 1.502E-09 1.522E-09 1.483E-09 1.472E-09
 1.496E-09 1.518E-09 1.537E-09 1.523E-09 1.521E-09 1.534E-09 1.545E-09 1.555E-09
 1.564E-09
 2.510E-09 2.506E-09 2.501E-09 2.497E-09 2.493E-09 2.489E-09 2.484E-09 2.480E-09
 2.476E-09 2.472E-09 2.468E-09 1.820E-09 1.478E-09 1.499E-09 1.456E-09 1.443E-09
 1.466E-09 1.488E-09 1.507E-09 1.488E-09 1.483E-09 1.495E-09 1.507E-09 1.516E-09
 1.525E-09
 2.459E-09 2.455E-09 2.449E-09 2.443E-09 2.438E-09 2.432E-09 2.427E-09 2.421E-09
 2.416E-09 2.410E-09 2.405E-09 1.705E-09 1.402E-09 1.418E-09 1.349E-09 1.324E-09
 1.343E-09 1.362E-09 1.378E-09 1.293E-09 1.262E-09 1.273E-09 1.283E-09 1.292E-09
 1.299E-09
 2.457E-09 2.452E-09 2.446E-09 2.439E-09 2.433E-09 2.427E-09 2.421E-09 2.415E-09
 2.409E-09 2.403E-09 2.396E-09 1.697E-09 1.425E-09 1.440E-09 1.346E-09 1.314E-09
 1.330E-09 1.347E-09 1.360E-09 1.208E-09 1.157E-09 1.167E-09 1.176E-09 1.184E-09
 1.191E-09
 2.470E-09 2.466E-09 2.459E-09 2.452E-09 2.446E-09 2.439E-09 2.433E-09 2.426E-09
 2.420E-09 2.413E-09 2.407E-09 1.720E-09 1.472E-09 1.485E-09 1.368E-09 1.330E-09
 1.345E-09 1.360E-09 1.371E-09 1.157E-09 1.092E-09 1.101E-09 1.109E-09 1.116E-09
 1.123E-09
 2.489E-09 2.484E-09 2.477E-09 2.470E-09 2.464E-09 2.457E-09 2.450E-09 2.443E-09
 2.437E-09 2.430E-09 2.423E-09 1.753E-09 1.524E-09 1.536E-09 1.398E-09 1.355E-09
 1.368E-09 1.382E-09 1.391E-09 1.122E-09 1.045E-09 1.053E-09 1.061E-09 1.067E-09
 1.074E-09
 2.507E-09 2.503E-09 2.496E-09 2.489E-09 2.482E-09 2.475E-09 2.468E-09 2.462E-09
 2.455E-09 2.448E-09 2.441E-09 1.789E-09 1.575E-09 1.585E-09 1.428E-09 1.381E-09
 1.393E-09 1.405E-09 1.413E-09 1.095E-09 1.009E-09 1.017E-09 1.024E-09 1.030E-09
 1.036E-09
 2.525E-09 2.520E-09 2.513E-09 2.506E-09 2.499E-09 2.493E-09 2.486E-09 2.479E-09
 2.472E-09 2.465E-09 2.458E-09 1.823E-09 1.622E-09 1.630E-09 1.456E-09 1.406E-09
 1.417E-09 1.428E-09 1.434E-09 1.073E-09 9.801E-10 9.876E-10 9.944E-10 1.000E-09
 1.006E-09
 2.540E-09 2.536E-09 2.529E-09 2.522E-09 2.515E-09 2.508E-09 2.501E-09 2.494E-09
 2.487E-09 2.480E-09 2.473E-09 1.854E-09 1.664E-09 1.672E-09 1.482E-09 1.429E-09
 1.439E-09 1.450E-09 1.454E-09 1.055E-09 9.562E-10 9.633E-10 9.698E-10 9.755E-10
 9.812E-10
 2.553E-09 2.549E-09 2.542E-09 2.535E-09 2.528E-09 2.521E-09 2.514E-09 2.507E-09
 2.500E-09 2.493E-09 2.486E-09 1.883E-09 1.702E-09 1.708E-09 1.505E-09 1.451E-09
 1.459E-09 1.469E-09 1.473E-09 1.040E-09 9.357E-10 9.425E-10 9.488E-10 9.543E-10
 9.598E-10
 2.563E-09 2.559E-09 2.552E-09 2.545E-09 2.538E-09 2.531E-09 2.525E-09 2.518E-09
 2.511E-09 2.504E-09 2.497E-09 1.908E-09 1.735E-09 1.741E-09 1.526E-09 1.470E-09
 1.478E-09 1.487E-09 1.489E-09 1.026E-09 9.180E-10 9.245E-10 9.305E-10 9.359E-10
 9.412E-10
 2.584E-09 2.580E-09 2.574E-09 2.567E-09 2.561E-09 2.555E-09 2.548E-09 2.542E-09
 2.535E-09 2.529E-09 2.523E-09 2.047E-09 1.920E-09 1.920E-09 1.646E-09 1.585E-09
 1.588E-09 1.593E-09 1.587E-09 9.407E-10 8.108E-10 8.157E-10 8.204E-10 8.246E-10
 8.290E-10
 2.541E-09 2.538E-09 2.532E-09 2.527E-09 2.521E-09 2.515E-09 2.509E-09 2.503E-09
 2.497E-09 2.492E-09 2.486E-09 2.082E-09 1.977E-09 1.973E-09 1.690E-09 1.632E-09
 1.632E-09 1.634E-09 1.624E-09 8.923E-10 7.527E-10 7.568E-10 7.608E-10 7.644E-10
 7.684E-10
 2.487E-09 2.484E-09 2.479E-09 2.474E-09 2.469E-09 2.463E-09 2.458E-09 2.453E-09
 2.447E-09 2.442E-09 2.437E-09 2.082E-09 1.990E-09 1.984E-09 1.707E-09 1.652E-09
 1.651E-09 1.651E-09 1.638E-09 8.573E-10 7.119E-10 7.155E-10 7.191E-10 7.223E-10
 7.260E-10
 2.434E-09 2.432E-09 2.427E-09 2.422E-09 2.417E-09 2.413E-09 2.408E-09 2.403E-09
 2.398E-09 2.393E-09 2.388E-09 2.070E-09 1.987E-09 1.980E-09 1.711E-09 1.660E-09
 1.658E-09 1.656E-09 1.642E-09 8.292E-10 6.799E-10 6.831E-10 6.864E-10 6.893E-10
 6.927E-10
 2.385E-09 2.383E-09 2.379E-09 2.374E-09 2.370E-09 2.365E-09 2.361E-09 2.356E-09
 2.351E-09 2.347E-09 2.342E-09 2.052E-09 1.977E-09 1.969E-09 1.710E-09 1.661E-09
 1.658E-09 1.656E-09 1.641E-09 8.054E-10 6.531E-10 6.561E-10 6.591E-10 6.618E-10
 6.651E-10
 2.341E-09 2.339E-09 2.334E-09 2.330E-09 2.326E-09 2.322E-09 2.317E-09 2.313E-09
 2.309E-09 2.304E-09 2.300E-09 2.033E-09 1.963E-09 1.955E-09 1.705E-09 1.659E-09
 1.655E-09 1.653E-09 1.636E-09 7.844E-10 6.299E-10 6.327E-10 6.355E-10 6.381E-10
 6.412E-10
--------------------------------------------------------------------------------
   20 /EREF=3.000E+03 /NREF=3.000E+12
--------------------------------------------------------------------------------
 1.000E+01 2.000E+01 3.000E+01 4.000E+01 5.000E+01 6.000E+01 7.000E+01 8.000E+01
 8.966E+01 1.000E+02 2.000E+02 3.000E+02 4.000E+02 5.000E+02 6.000E+02 7.000E+02
 8.000E+02 8.966E+02 1.000E+03 2.000E+03
--------------------------------------------------------------------------------
 1.266E-08 7.349E-09 5.057E-09 3.804E-09 3.022E-09 2.492E-09 2.110E-09 1.824E-09
 1.602E-09 1.425E-09 6.525E-10 4.133E-10 2.997E-10 2.336E-10 1.904E-10 1.598E-10
 1.371E-10 1.199E-10 1.062E-10 4.581E-11
--------------------------------------------------------------------------------
C
C
C     ADAS FILE TYPE : 	ADF21
C     SOURCE FILE    :  /home/anderson/adas/adf26/bnl99#he/bnl99#he_o8.dat          
C
C     USER ID	     :  anderson        
C
--------------------------------------------------------------------------------
 
C---------------------------------------------------------------------------------
C ADAS ADF21/bms99#he_slow DATA - SCCS info: @(#)$Header: /u/xshare/Attic/repos/codesys/source/adas/data/adf21/bms99#he_slow/gcrc13/gcrc13#he_o8.dat,v 1.1 2009-07-30 05:41:22 Marina Gorelenkova Exp $ Date $Date: 2009-07-30 05:41:22 $
C---------------------------------------------------------------------------------
