    4 /GCRC3=1.642E-09 /SPEC=BE /DATE=06/01/99 /CODE=ADAS313
--------------------------------------------------------------------------------
   25   25 /TREF=1.000E+02
--------------------------------------------------------------------------------
 5.000E+01 1.000E+02 2.000E+02 3.000E+02 4.000E+02 5.000E+02 6.000E+02 7.000E+02
 8.000E+02 9.000E+02 1.000E+03 2.000E+03 3.000E+03 4.000E+03 5.000E+03 6.000E+03
 7.000E+03 8.000E+03 9.000E+03 1.000E+04 1.100E+04 1.200E+04 1.300E+04 1.400E+04
 1.500E+04
 1.000E+11 2.000E+11 3.000E+11 4.000E+11 5.000E+11 6.000E+11 7.000E+11 8.000E+11
 9.000E+11 1.000E+12 2.000E+12 3.000E+12 4.000E+12 5.000E+12 6.000E+12 7.000E+12
 8.000E+12 9.000E+12 1.000E+13 2.000E+13 3.000E+13 4.000E+13 5.000E+13 6.000E+13
 7.000E+13
--------------------------------------------------------------------------------
 2.703E-09 2.702E-09 2.702E-09 2.701E-09 2.700E-09 2.700E-09 2.699E-09 2.698E-09
 2.698E-09 2.697E-09 2.696E-09 2.575E-09 2.464E-09 2.471E-09 2.472E-09 2.474E-09
 2.483E-09 2.492E-09 2.498E-09 2.503E-09 2.508E-09 2.512E-09 2.515E-09 2.518E-09
 2.521E-09
 2.675E-09 2.673E-09 2.672E-09 2.670E-09 2.668E-09 2.667E-09 2.665E-09 2.664E-09
 2.662E-09 2.661E-09 2.659E-09 2.453E-09 2.283E-09 2.293E-09 2.290E-09 2.292E-09
 2.304E-09 2.315E-09 2.324E-09 2.330E-09 2.335E-09 2.340E-09 2.344E-09 2.347E-09
 2.350E-09
 2.647E-09 2.645E-09 2.642E-09 2.640E-09 2.637E-09 2.635E-09 2.633E-09 2.630E-09
 2.628E-09 2.626E-09 2.623E-09 2.358E-09 2.152E-09 2.162E-09 2.156E-09 2.156E-09
 2.170E-09 2.182E-09 2.192E-09 2.197E-09 2.202E-09 2.208E-09 2.212E-09 2.215E-09
 2.218E-09
 2.622E-09 2.620E-09 2.616E-09 2.613E-09 2.610E-09 2.607E-09 2.604E-09 2.601E-09
 2.598E-09 2.594E-09 2.591E-09 2.282E-09 2.053E-09 2.064E-09 2.055E-09 2.053E-09
 2.067E-09 2.080E-09 2.090E-09 2.094E-09 2.098E-09 2.103E-09 2.108E-09 2.111E-09
 2.114E-09
 2.600E-09 2.597E-09 2.593E-09 2.589E-09 2.585E-09 2.582E-09 2.578E-09 2.574E-09
 2.571E-09 2.567E-09 2.563E-09 2.221E-09 1.976E-09 1.987E-09 1.975E-09 1.971E-09
 1.986E-09 1.999E-09 2.009E-09 2.011E-09 2.014E-09 2.019E-09 2.024E-09 2.027E-09
 2.030E-09
 2.581E-09 2.578E-09 2.573E-09 2.569E-09 2.564E-09 2.560E-09 2.556E-09 2.552E-09
 2.548E-09 2.543E-09 2.539E-09 2.170E-09 1.915E-09 1.926E-09 1.911E-09 1.905E-09
 1.920E-09 1.933E-09 1.944E-09 1.944E-09 1.945E-09 1.950E-09 1.955E-09 1.958E-09
 1.961E-09
 2.564E-09 2.561E-09 2.556E-09 2.551E-09 2.546E-09 2.541E-09 2.537E-09 2.532E-09
 2.527E-09 2.523E-09 2.518E-09 2.128E-09 1.866E-09 1.876E-09 1.859E-09 1.852E-09
 1.867E-09 1.880E-09 1.890E-09 1.887E-09 1.887E-09 1.892E-09 1.897E-09 1.900E-09
 1.903E-09
 2.550E-09 2.546E-09 2.541E-09 2.535E-09 2.530E-09 2.525E-09 2.520E-09 2.515E-09
 2.510E-09 2.505E-09 2.500E-09 2.092E-09 1.826E-09 1.836E-09 1.816E-09 1.807E-09
 1.822E-09 1.835E-09 1.845E-09 1.840E-09 1.838E-09 1.843E-09 1.847E-09 1.851E-09
 1.853E-09
 2.537E-09 2.534E-09 2.528E-09 2.522E-09 2.516E-09 2.511E-09 2.505E-09 2.500E-09
 2.495E-09 2.489E-09 2.484E-09 2.062E-09 1.793E-09 1.803E-09 1.780E-09 1.770E-09
 1.785E-09 1.798E-09 1.808E-09 1.799E-09 1.795E-09 1.800E-09 1.805E-09 1.808E-09
 1.811E-09
 2.527E-09 2.523E-09 2.516E-09 2.510E-09 2.504E-09 2.499E-09 2.493E-09 2.487E-09
 2.481E-09 2.476E-09 2.470E-09 2.037E-09 1.765E-09 1.775E-09 1.750E-09 1.739E-09
 1.753E-09 1.766E-09 1.776E-09 1.764E-09 1.758E-09 1.763E-09 1.768E-09 1.771E-09
 1.773E-09
 2.475E-09 2.470E-09 2.462E-09 2.454E-09 2.445E-09 2.438E-09 2.430E-09 2.422E-09
 2.414E-09 2.406E-09 2.398E-09 1.914E-09 1.648E-09 1.656E-09 1.612E-09 1.590E-09
 1.603E-09 1.615E-09 1.622E-09 1.571E-09 1.542E-09 1.547E-09 1.551E-09 1.554E-09
 1.557E-09
 2.472E-09 2.466E-09 2.457E-09 2.447E-09 2.438E-09 2.429E-09 2.420E-09 2.412E-09
 2.403E-09 2.394E-09 2.385E-09 1.894E-09 1.642E-09 1.649E-09 1.587E-09 1.557E-09
 1.568E-09 1.579E-09 1.584E-09 1.488E-09 1.439E-09 1.443E-09 1.447E-09 1.451E-09
 1.454E-09
 2.484E-09 2.479E-09 2.468E-09 2.459E-09 2.449E-09 2.439E-09 2.430E-09 2.421E-09
 2.411E-09 2.402E-09 2.393E-09 1.905E-09 1.667E-09 1.673E-09 1.595E-09 1.557E-09
 1.568E-09 1.578E-09 1.579E-09 1.441E-09 1.374E-09 1.378E-09 1.382E-09 1.385E-09
 1.389E-09
 2.502E-09 2.496E-09 2.486E-09 2.475E-09 2.465E-09 2.455E-09 2.446E-09 2.436E-09
 2.426E-09 2.417E-09 2.407E-09 1.927E-09 1.702E-09 1.707E-09 1.613E-09 1.569E-09
 1.579E-09 1.588E-09 1.587E-09 1.408E-09 1.328E-09 1.331E-09 1.335E-09 1.338E-09
 1.342E-09
 2.520E-09 2.514E-09 2.503E-09 2.493E-09 2.483E-09 2.473E-09 2.463E-09 2.453E-09
 2.443E-09 2.434E-09 2.424E-09 1.953E-09 1.738E-09 1.742E-09 1.633E-09 1.585E-09
 1.593E-09 1.602E-09 1.598E-09 1.384E-09 1.291E-09 1.294E-09 1.298E-09 1.301E-09
 1.305E-09
 2.537E-09 2.531E-09 2.520E-09 2.510E-09 2.499E-09 2.489E-09 2.479E-09 2.469E-09
 2.459E-09 2.449E-09 2.440E-09 1.979E-09 1.774E-09 1.777E-09 1.654E-09 1.601E-09
 1.609E-09 1.617E-09 1.610E-09 1.364E-09 1.261E-09 1.264E-09 1.268E-09 1.271E-09
 1.275E-09
 2.552E-09 2.546E-09 2.535E-09 2.524E-09 2.514E-09 2.503E-09 2.493E-09 2.483E-09
 2.473E-09 2.464E-09 2.454E-09 2.003E-09 1.806E-09 1.808E-09 1.673E-09 1.617E-09
 1.624E-09 1.631E-09 1.622E-09 1.347E-09 1.236E-09 1.238E-09 1.242E-09 1.246E-09
 1.249E-09
 2.564E-09 2.558E-09 2.547E-09 2.537E-09 2.526E-09 2.516E-09 2.506E-09 2.496E-09
 2.486E-09 2.476E-09 2.466E-09 2.025E-09 1.835E-09 1.836E-09 1.691E-09 1.631E-09
 1.637E-09 1.644E-09 1.632E-09 1.332E-09 1.214E-09 1.216E-09 1.220E-09 1.224E-09
 1.227E-09
 2.574E-09 2.568E-09 2.557E-09 2.547E-09 2.536E-09 2.526E-09 2.516E-09 2.506E-09
 2.496E-09 2.486E-09 2.477E-09 2.044E-09 1.861E-09 1.862E-09 1.706E-09 1.644E-09
 1.649E-09 1.656E-09 1.642E-09 1.319E-09 1.195E-09 1.197E-09 1.201E-09 1.204E-09
 1.208E-09
 2.592E-09 2.586E-09 2.576E-09 2.567E-09 2.557E-09 2.547E-09 2.538E-09 2.528E-09
 2.519E-09 2.510E-09 2.501E-09 2.144E-09 2.001E-09 1.994E-09 1.789E-09 1.716E-09
 1.716E-09 1.718E-09 1.689E-09 1.231E-09 1.076E-09 1.076E-09 1.080E-09 1.082E-09
 1.086E-09
 2.548E-09 2.543E-09 2.534E-09 2.525E-09 2.516E-09 2.507E-09 2.498E-09 2.490E-09
 2.481E-09 2.473E-09 2.465E-09 2.157E-09 2.036E-09 2.024E-09 1.809E-09 1.736E-09
 1.733E-09 1.733E-09 1.696E-09 1.177E-09 1.009E-09 1.009E-09 1.012E-09 1.014E-09
 1.018E-09
 2.493E-09 2.488E-09 2.480E-09 2.472E-09 2.464E-09 2.456E-09 2.448E-09 2.440E-09
 2.432E-09 2.424E-09 2.417E-09 2.144E-09 2.036E-09 2.023E-09 1.809E-09 1.738E-09
 1.734E-09 1.731E-09 1.690E-09 1.137E-09 9.622E-10 9.615E-10 9.643E-10 9.666E-10
 9.698E-10
 2.439E-09 2.435E-09 2.428E-09 2.420E-09 2.412E-09 2.405E-09 2.398E-09 2.390E-09
 2.383E-09 2.376E-09 2.369E-09 2.123E-09 2.025E-09 2.010E-09 1.800E-09 1.733E-09
 1.728E-09 1.724E-09 1.679E-09 1.105E-09 9.256E-10 9.246E-10 9.272E-10 9.294E-10
 9.324E-10
 2.390E-09 2.386E-09 2.379E-09 2.372E-09 2.365E-09 2.358E-09 2.351E-09 2.344E-09
 2.337E-09 2.331E-09 2.324E-09 2.098E-09 2.008E-09 1.992E-09 1.789E-09 1.724E-09
 1.718E-09 1.713E-09 1.667E-09 1.078E-09 8.954E-10 8.941E-10 8.965E-10 8.985E-10
 9.014E-10
 2.345E-09 2.341E-09 2.335E-09 2.328E-09 2.321E-09 2.315E-09 2.308E-09 2.302E-09
 2.295E-09 2.289E-09 2.283E-09 2.074E-09 1.989E-09 1.973E-09 1.776E-09 1.714E-09
 1.707E-09 1.702E-09 1.653E-09 1.054E-09 8.693E-10 8.678E-10 8.701E-10 8.720E-10
 8.748E-10
--------------------------------------------------------------------------------
   20 /EREF=3.000E+03 /NREF=3.000E+12
--------------------------------------------------------------------------------
 1.000E+01 2.000E+01 3.000E+01 4.000E+01 5.000E+01 6.000E+01 7.000E+01 8.000E+01
 8.966E+01 1.000E+02 2.000E+02 3.000E+02 4.000E+02 5.000E+02 6.000E+02 7.000E+02
 8.000E+02 8.966E+02 1.000E+03 2.000E+03
--------------------------------------------------------------------------------
 1.334E-08 7.896E-09 5.508E-09 4.188E-09 3.358E-09 2.792E-09 2.383E-09 2.075E-09
 1.834E-09 1.642E-09 7.911E-10 5.207E-10 3.888E-10 3.103E-10 2.579E-10 2.199E-10
 1.912E-10 1.686E-10 1.504E-10 6.811E-11
--------------------------------------------------------------------------------
C
C
C     ADAS FILE TYPE : 	ADF21
C     SOURCE FILE    :  /home/anderson/adas/adf26/bnl99#he/bnl99#he_be4.dat         
C
C     USER ID	     :  anderson        
C
--------------------------------------------------------------------------------
 
C---------------------------------------------------------------------------------
C ADAS ADF21/bms99#he_slow DATA - SCCS info: @(#)$Header: /u/xshare/Attic/repos/codesys/source/adas/data/adf21/bms99#he_slow/gcrc13/gcrc13#he_be4.dat,v 1.1 2009-07-30 05:41:22 Marina Gorelenkova Exp $ Date $Date: 2009-07-30 05:41:22 $
C---------------------------------------------------------------------------------
