    3 /GCRC3=1.732E-09 /SPEC=LI /DATE=06/01/99 /CODE=ADAS313
--------------------------------------------------------------------------------
   25   25 /TREF=1.000E+02
--------------------------------------------------------------------------------
 5.000E+01 1.000E+02 2.000E+02 3.000E+02 4.000E+02 5.000E+02 6.000E+02 7.000E+02
 8.000E+02 9.000E+02 1.000E+03 2.000E+03 3.000E+03 4.000E+03 5.000E+03 6.000E+03
 7.000E+03 8.000E+03 9.000E+03 1.000E+04 1.100E+04 1.200E+04 1.300E+04 1.400E+04
 1.500E+04
 1.000E+11 2.000E+11 3.000E+11 4.000E+11 5.000E+11 6.000E+11 7.000E+11 8.000E+11
 9.000E+11 1.000E+12 2.000E+12 3.000E+12 4.000E+12 5.000E+12 6.000E+12 7.000E+12
 8.000E+12 9.000E+12 1.000E+13 2.000E+13 3.000E+13 4.000E+13 5.000E+13 6.000E+13
 7.000E+13
--------------------------------------------------------------------------------
 2.705E-09 2.705E-09 2.704E-09 2.703E-09 2.703E-09 2.702E-09 2.701E-09 2.701E-09
 2.700E-09 2.699E-09 2.699E-09 2.603E-09 2.517E-09 2.522E-09 2.521E-09 2.523E-09
 2.530E-09 2.535E-09 2.540E-09 2.543E-09 2.546E-09 2.549E-09 2.551E-09 2.553E-09
 2.554E-09
 2.678E-09 2.677E-09 2.675E-09 2.674E-09 2.672E-09 2.670E-09 2.669E-09 2.667E-09
 2.666E-09 2.664E-09 2.662E-09 2.497E-09 2.361E-09 2.367E-09 2.364E-09 2.364E-09
 2.373E-09 2.380E-09 2.386E-09 2.390E-09 2.393E-09 2.396E-09 2.398E-09 2.399E-09
 2.400E-09
 2.652E-09 2.650E-09 2.647E-09 2.645E-09 2.642E-09 2.639E-09 2.637E-09 2.634E-09
 2.632E-09 2.629E-09 2.626E-09 2.411E-09 2.244E-09 2.249E-09 2.243E-09 2.242E-09
 2.251E-09 2.259E-09 2.265E-09 2.268E-09 2.271E-09 2.274E-09 2.276E-09 2.277E-09
 2.278E-09
 2.627E-09 2.625E-09 2.622E-09 2.618E-09 2.615E-09 2.611E-09 2.608E-09 2.605E-09
 2.601E-09 2.598E-09 2.594E-09 2.341E-09 2.152E-09 2.157E-09 2.149E-09 2.146E-09
 2.155E-09 2.164E-09 2.170E-09 2.172E-09 2.173E-09 2.176E-09 2.178E-09 2.179E-09
 2.179E-09
 2.606E-09 2.603E-09 2.599E-09 2.595E-09 2.591E-09 2.587E-09 2.583E-09 2.579E-09
 2.574E-09 2.570E-09 2.566E-09 2.283E-09 2.080E-09 2.085E-09 2.073E-09 2.068E-09
 2.078E-09 2.087E-09 2.093E-09 2.093E-09 2.094E-09 2.096E-09 2.098E-09 2.099E-09
 2.099E-09
 2.587E-09 2.584E-09 2.579E-09 2.574E-09 2.569E-09 2.565E-09 2.560E-09 2.556E-09
 2.551E-09 2.546E-09 2.541E-09 2.235E-09 2.021E-09 2.026E-09 2.012E-09 2.006E-09
 2.016E-09 2.024E-09 2.030E-09 2.029E-09 2.028E-09 2.030E-09 2.032E-09 2.033E-09
 2.033E-09
 2.571E-09 2.567E-09 2.562E-09 2.556E-09 2.551E-09 2.546E-09 2.541E-09 2.536E-09
 2.530E-09 2.525E-09 2.519E-09 2.195E-09 1.974E-09 1.978E-09 1.962E-09 1.954E-09
 1.964E-09 1.972E-09 1.978E-09 1.975E-09 1.972E-09 1.974E-09 1.976E-09 1.977E-09
 1.977E-09
 2.556E-09 2.553E-09 2.547E-09 2.541E-09 2.535E-09 2.529E-09 2.524E-09 2.518E-09
 2.512E-09 2.507E-09 2.501E-09 2.161E-09 1.934E-09 1.938E-09 1.920E-09 1.910E-09
 1.920E-09 1.929E-09 1.934E-09 1.929E-09 1.925E-09 1.927E-09 1.928E-09 1.929E-09
 1.929E-09
 2.544E-09 2.540E-09 2.534E-09 2.527E-09 2.521E-09 2.515E-09 2.509E-09 2.503E-09
 2.497E-09 2.491E-09 2.484E-09 2.132E-09 1.901E-09 1.904E-09 1.884E-09 1.874E-09
 1.883E-09 1.892E-09 1.897E-09 1.889E-09 1.884E-09 1.886E-09 1.887E-09 1.888E-09
 1.888E-09
 2.533E-09 2.529E-09 2.522E-09 2.515E-09 2.509E-09 2.502E-09 2.496E-09 2.489E-09
 2.483E-09 2.477E-09 2.470E-09 2.107E-09 1.873E-09 1.876E-09 1.854E-09 1.842E-09
 1.852E-09 1.860E-09 1.865E-09 1.855E-09 1.848E-09 1.850E-09 1.851E-09 1.852E-09
 1.852E-09
 2.482E-09 2.476E-09 2.467E-09 2.457E-09 2.448E-09 2.439E-09 2.430E-09 2.421E-09
 2.413E-09 2.404E-09 2.395E-09 1.985E-09 1.747E-09 1.749E-09 1.710E-09 1.689E-09
 1.697E-09 1.705E-09 1.707E-09 1.667E-09 1.640E-09 1.641E-09 1.643E-09 1.644E-09
 1.644E-09
 2.478E-09 2.472E-09 2.461E-09 2.450E-09 2.440E-09 2.429E-09 2.419E-09 2.409E-09
 2.399E-09 2.390E-09 2.379E-09 1.961E-09 1.732E-09 1.733E-09 1.680E-09 1.651E-09
 1.658E-09 1.666E-09 1.664E-09 1.588E-09 1.543E-09 1.543E-09 1.545E-09 1.546E-09
 1.548E-09
 2.490E-09 2.484E-09 2.472E-09 2.460E-09 2.449E-09 2.438E-09 2.427E-09 2.417E-09
 2.406E-09 2.396E-09 2.385E-09 1.968E-09 1.750E-09 1.750E-09 1.683E-09 1.647E-09
 1.654E-09 1.661E-09 1.656E-09 1.545E-09 1.483E-09 1.482E-09 1.484E-09 1.486E-09
 1.487E-09
 2.507E-09 2.501E-09 2.488E-09 2.476E-09 2.465E-09 2.453E-09 2.442E-09 2.431E-09
 2.421E-09 2.410E-09 2.399E-09 1.987E-09 1.778E-09 1.778E-09 1.698E-09 1.655E-09
 1.661E-09 1.668E-09 1.659E-09 1.516E-09 1.440E-09 1.439E-09 1.441E-09 1.442E-09
 1.444E-09
 2.525E-09 2.518E-09 2.506E-09 2.493E-09 2.482E-09 2.470E-09 2.459E-09 2.448E-09
 2.437E-09 2.426E-09 2.415E-09 2.010E-09 1.810E-09 1.809E-09 1.716E-09 1.668E-09
 1.673E-09 1.679E-09 1.667E-09 1.494E-09 1.406E-09 1.404E-09 1.407E-09 1.408E-09
 1.410E-09
 2.541E-09 2.535E-09 2.522E-09 2.510E-09 2.498E-09 2.486E-09 2.474E-09 2.463E-09
 2.452E-09 2.441E-09 2.430E-09 2.033E-09 1.840E-09 1.838E-09 1.734E-09 1.682E-09
 1.686E-09 1.692E-09 1.676E-09 1.476E-09 1.378E-09 1.376E-09 1.378E-09 1.380E-09
 1.382E-09
 2.556E-09 2.549E-09 2.536E-09 2.524E-09 2.512E-09 2.500E-09 2.488E-09 2.477E-09
 2.466E-09 2.455E-09 2.444E-09 2.055E-09 1.869E-09 1.866E-09 1.751E-09 1.695E-09
 1.699E-09 1.704E-09 1.684E-09 1.461E-09 1.354E-09 1.352E-09 1.354E-09 1.356E-09
 1.358E-09
 2.568E-09 2.561E-09 2.548E-09 2.536E-09 2.524E-09 2.512E-09 2.500E-09 2.489E-09
 2.478E-09 2.467E-09 2.456E-09 2.075E-09 1.895E-09 1.891E-09 1.766E-09 1.707E-09
 1.710E-09 1.715E-09 1.692E-09 1.448E-09 1.334E-09 1.331E-09 1.333E-09 1.335E-09
 1.338E-09
 2.578E-09 2.571E-09 2.558E-09 2.546E-09 2.534E-09 2.522E-09 2.510E-09 2.499E-09
 2.488E-09 2.477E-09 2.466E-09 2.093E-09 1.918E-09 1.913E-09 1.780E-09 1.718E-09
 1.720E-09 1.724E-09 1.699E-09 1.436E-09 1.315E-09 1.312E-09 1.315E-09 1.317E-09
 1.319E-09
 2.594E-09 2.588E-09 2.576E-09 2.565E-09 2.553E-09 2.542E-09 2.531E-09 2.521E-09
 2.510E-09 2.500E-09 2.490E-09 2.178E-09 2.038E-09 2.025E-09 1.848E-09 1.773E-09
 1.771E-09 1.771E-09 1.726E-09 1.352E-09 1.197E-09 1.193E-09 1.195E-09 1.196E-09
 1.199E-09
 2.550E-09 2.544E-09 2.533E-09 2.523E-09 2.512E-09 2.502E-09 2.492E-09 2.482E-09
 2.473E-09 2.463E-09 2.454E-09 2.183E-09 2.062E-09 2.046E-09 1.858E-09 1.783E-09
 1.778E-09 1.775E-09 1.721E-09 1.297E-09 1.129E-09 1.123E-09 1.125E-09 1.127E-09
 1.129E-09
 2.494E-09 2.489E-09 2.479E-09 2.470E-09 2.460E-09 2.451E-09 2.441E-09 2.432E-09
 2.424E-09 2.415E-09 2.406E-09 2.165E-09 2.057E-09 2.038E-09 1.851E-09 1.778E-09
 1.771E-09 1.767E-09 1.706E-09 1.256E-09 1.080E-09 1.074E-09 1.076E-09 1.077E-09
 1.080E-09
 2.441E-09 2.436E-09 2.427E-09 2.418E-09 2.409E-09 2.400E-09 2.392E-09 2.383E-09
 2.375E-09 2.367E-09 2.359E-09 2.140E-09 2.041E-09 2.021E-09 1.838E-09 1.767E-09
 1.759E-09 1.753E-09 1.689E-09 1.222E-09 1.042E-09 1.036E-09 1.037E-09 1.039E-09
 1.041E-09
 2.391E-09 2.387E-09 2.378E-09 2.370E-09 2.361E-09 2.353E-09 2.345E-09 2.337E-09
 2.330E-09 2.322E-09 2.314E-09 2.113E-09 2.021E-09 2.001E-09 1.823E-09 1.754E-09
 1.746E-09 1.739E-09 1.672E-09 1.193E-09 1.011E-09 1.004E-09 1.005E-09 1.007E-09
 1.009E-09
 2.346E-09 2.342E-09 2.334E-09 2.326E-09 2.318E-09 2.310E-09 2.303E-09 2.295E-09
 2.288E-09 2.281E-09 2.273E-09 2.087E-09 2.001E-09 1.980E-09 1.806E-09 1.740E-09
 1.731E-09 1.724E-09 1.655E-09 1.168E-09 9.833E-10 9.765E-10 9.778E-10 9.789E-10
 9.810E-10
--------------------------------------------------------------------------------
   20 /EREF=3.000E+03 /NREF=3.000E+12
--------------------------------------------------------------------------------
 1.000E+01 2.000E+01 3.000E+01 4.000E+01 5.000E+01 6.000E+01 7.000E+01 8.000E+01
 8.966E+01 1.000E+02 2.000E+02 3.000E+02 4.000E+02 5.000E+02 6.000E+02 7.000E+02
 8.000E+02 8.966E+02 1.000E+03 2.000E+03
--------------------------------------------------------------------------------
 1.361E-08 8.111E-09 5.687E-09 4.343E-09 3.495E-09 2.915E-09 2.495E-09 2.178E-09
 1.930E-09 1.732E-09 8.504E-10 5.673E-10 4.282E-10 3.446E-10 2.878E-10 2.464E-10
 2.149E-10 1.900E-10 1.702E-10 7.801E-11
--------------------------------------------------------------------------------
C
C
C     ADAS FILE TYPE : 	ADF21
C     SOURCE FILE    :  /home/anderson/adas/adf26/bnl99#he/bnl99#he_li3.dat         
C
C     USER ID	     :  anderson        
C
--------------------------------------------------------------------------------
 
C---------------------------------------------------------------------------------
C ADAS ADF21/bms99#he_slow DATA - SCCS info: @(#)$Header: /u/xshare/Attic/repos/codesys/source/adas/data/adf21/bms99#he_slow/gcrc13/gcrc13#he_li3.dat,v 1.1 2009-07-30 05:41:22 Marina Gorelenkova Exp $ Date $Date: 2009-07-30 05:41:22 $
C---------------------------------------------------------------------------------
