    7 /GCRC3=1.465E-09 /SPEC=N  /DATE=06/01/99 /CODE=ADAS313
--------------------------------------------------------------------------------
   25   25 /TREF=1.000E+02
--------------------------------------------------------------------------------
 5.000E+01 1.000E+02 2.000E+02 3.000E+02 4.000E+02 5.000E+02 6.000E+02 7.000E+02
 8.000E+02 9.000E+02 1.000E+03 2.000E+03 3.000E+03 4.000E+03 5.000E+03 6.000E+03
 7.000E+03 8.000E+03 9.000E+03 1.000E+04 1.100E+04 1.200E+04 1.300E+04 1.400E+04
 1.500E+04
 1.000E+11 2.000E+11 3.000E+11 4.000E+11 5.000E+11 6.000E+11 7.000E+11 8.000E+11
 9.000E+11 1.000E+12 2.000E+12 3.000E+12 4.000E+12 5.000E+12 6.000E+12 7.000E+12
 8.000E+12 9.000E+12 1.000E+13 2.000E+13 3.000E+13 4.000E+13 5.000E+13 6.000E+13
 7.000E+13
--------------------------------------------------------------------------------
 2.698E-09 2.698E-09 2.697E-09 2.696E-09 2.695E-09 2.694E-09 2.694E-09 2.693E-09
 2.692E-09 2.692E-09 2.691E-09 2.500E-09 2.322E-09 2.337E-09 2.336E-09 2.341E-09
 2.357E-09 2.371E-09 2.383E-09 2.392E-09 2.401E-09 2.409E-09 2.416E-09 2.421E-09
 2.427E-09
 2.667E-09 2.665E-09 2.663E-09 2.662E-09 2.660E-09 2.659E-09 2.657E-09 2.656E-09
 2.655E-09 2.653E-09 2.652E-09 2.341E-09 2.086E-09 2.105E-09 2.100E-09 2.104E-09
 2.125E-09 2.143E-09 2.159E-09 2.170E-09 2.181E-09 2.191E-09 2.200E-09 2.207E-09
 2.214E-09
 2.637E-09 2.635E-09 2.632E-09 2.630E-09 2.628E-09 2.626E-09 2.624E-09 2.622E-09
 2.620E-09 2.618E-09 2.616E-09 2.224E-09 1.930E-09 1.950E-09 1.940E-09 1.942E-09
 1.965E-09 1.985E-09 2.003E-09 2.013E-09 2.023E-09 2.035E-09 2.044E-09 2.053E-09
 2.060E-09
 2.611E-09 2.608E-09 2.605E-09 2.602E-09 2.599E-09 2.597E-09 2.594E-09 2.592E-09
 2.589E-09 2.587E-09 2.585E-09 2.135E-09 1.820E-09 1.841E-09 1.825E-09 1.824E-09
 1.848E-09 1.870E-09 1.888E-09 1.896E-09 1.905E-09 1.917E-09 1.927E-09 1.935E-09
 1.943E-09
 2.588E-09 2.585E-09 2.581E-09 2.578E-09 2.575E-09 2.572E-09 2.569E-09 2.566E-09
 2.563E-09 2.560E-09 2.557E-09 2.065E-09 1.738E-09 1.759E-09 1.739E-09 1.736E-09
 1.760E-09 1.782E-09 1.800E-09 1.805E-09 1.812E-09 1.824E-09 1.834E-09 1.843E-09
 1.851E-09
 2.568E-09 2.565E-09 2.561E-09 2.557E-09 2.554E-09 2.551E-09 2.547E-09 2.544E-09
 2.541E-09 2.537E-09 2.534E-09 2.008E-09 1.676E-09 1.697E-09 1.673E-09 1.667E-09
 1.691E-09 1.713E-09 1.731E-09 1.733E-09 1.738E-09 1.750E-09 1.760E-09 1.769E-09
 1.776E-09
 2.551E-09 2.548E-09 2.543E-09 2.539E-09 2.536E-09 2.532E-09 2.528E-09 2.525E-09
 2.521E-09 2.518E-09 2.514E-09 1.962E-09 1.628E-09 1.648E-09 1.620E-09 1.613E-09
 1.636E-09 1.658E-09 1.676E-09 1.673E-09 1.676E-09 1.688E-09 1.698E-09 1.707E-09
 1.714E-09
 2.537E-09 2.533E-09 2.528E-09 2.524E-09 2.520E-09 2.516E-09 2.512E-09 2.508E-09
 2.504E-09 2.500E-09 2.496E-09 1.925E-09 1.589E-09 1.609E-09 1.578E-09 1.569E-09
 1.592E-09 1.613E-09 1.631E-09 1.624E-09 1.624E-09 1.636E-09 1.646E-09 1.655E-09
 1.662E-09
 2.524E-09 2.520E-09 2.515E-09 2.511E-09 2.507E-09 2.502E-09 2.498E-09 2.494E-09
 2.490E-09 2.486E-09 2.481E-09 1.893E-09 1.559E-09 1.578E-09 1.544E-09 1.533E-09
 1.556E-09 1.577E-09 1.594E-09 1.582E-09 1.580E-09 1.592E-09 1.602E-09 1.610E-09
 1.618E-09
 2.513E-09 2.509E-09 2.504E-09 2.499E-09 2.495E-09 2.490E-09 2.486E-09 2.482E-09
 2.477E-09 2.473E-09 2.468E-09 1.866E-09 1.534E-09 1.553E-09 1.516E-09 1.503E-09
 1.526E-09 1.546E-09 1.564E-09 1.547E-09 1.541E-09 1.553E-09 1.563E-09 1.571E-09
 1.579E-09
 2.462E-09 2.458E-09 2.451E-09 2.445E-09 2.439E-09 2.433E-09 2.427E-09 2.421E-09
 2.415E-09 2.410E-09 2.404E-09 1.749E-09 1.448E-09 1.464E-09 1.400E-09 1.376E-09
 1.395E-09 1.413E-09 1.427E-09 1.351E-09 1.320E-09 1.330E-09 1.339E-09 1.346E-09
 1.353E-09
 2.460E-09 2.455E-09 2.448E-09 2.441E-09 2.434E-09 2.428E-09 2.421E-09 2.414E-09
 2.408E-09 2.401E-09 2.394E-09 1.738E-09 1.465E-09 1.479E-09 1.392E-09 1.360E-09
 1.377E-09 1.393E-09 1.404E-09 1.265E-09 1.214E-09 1.223E-09 1.231E-09 1.238E-09
 1.244E-09
 2.473E-09 2.468E-09 2.461E-09 2.454E-09 2.447E-09 2.439E-09 2.432E-09 2.425E-09
 2.418E-09 2.411E-09 2.404E-09 1.758E-09 1.508E-09 1.520E-09 1.412E-09 1.373E-09
 1.388E-09 1.402E-09 1.411E-09 1.214E-09 1.147E-09 1.155E-09 1.163E-09 1.169E-09
 1.175E-09
 2.491E-09 2.487E-09 2.479E-09 2.471E-09 2.464E-09 2.457E-09 2.450E-09 2.442E-09
 2.435E-09 2.428E-09 2.421E-09 1.789E-09 1.556E-09 1.567E-09 1.439E-09 1.395E-09
 1.408E-09 1.421E-09 1.428E-09 1.178E-09 1.099E-09 1.107E-09 1.114E-09 1.120E-09
 1.126E-09
 2.510E-09 2.505E-09 2.497E-09 2.490E-09 2.482E-09 2.475E-09 2.468E-09 2.460E-09
 2.453E-09 2.445E-09 2.438E-09 1.822E-09 1.604E-09 1.613E-09 1.467E-09 1.419E-09
 1.431E-09 1.443E-09 1.448E-09 1.151E-09 1.062E-09 1.070E-09 1.076E-09 1.082E-09
 1.088E-09
 2.527E-09 2.522E-09 2.515E-09 2.507E-09 2.500E-09 2.492E-09 2.485E-09 2.477E-09
 2.470E-09 2.462E-09 2.455E-09 1.854E-09 1.648E-09 1.657E-09 1.493E-09 1.442E-09
 1.453E-09 1.464E-09 1.467E-09 1.129E-09 1.033E-09 1.040E-09 1.046E-09 1.052E-09
 1.057E-09
 2.542E-09 2.538E-09 2.530E-09 2.522E-09 2.515E-09 2.507E-09 2.500E-09 2.492E-09
 2.485E-09 2.477E-09 2.470E-09 1.884E-09 1.689E-09 1.696E-09 1.518E-09 1.464E-09
 1.473E-09 1.484E-09 1.485E-09 1.111E-09 1.008E-09 1.015E-09 1.021E-09 1.026E-09
 1.032E-09
 2.555E-09 2.550E-09 2.543E-09 2.535E-09 2.528E-09 2.520E-09 2.513E-09 2.505E-09
 2.498E-09 2.490E-09 2.483E-09 1.911E-09 1.725E-09 1.731E-09 1.540E-09 1.483E-09
 1.492E-09 1.502E-09 1.502E-09 1.095E-09 9.871E-10 9.933E-10 9.993E-10 1.005E-09
 1.010E-09
 2.565E-09 2.561E-09 2.553E-09 2.546E-09 2.538E-09 2.531E-09 2.523E-09 2.516E-09
 2.508E-09 2.501E-09 2.493E-09 1.936E-09 1.757E-09 1.763E-09 1.560E-09 1.501E-09
 1.510E-09 1.519E-09 1.517E-09 1.082E-09 9.687E-10 9.747E-10 9.805E-10 9.856E-10
 9.908E-10
 2.585E-09 2.581E-09 2.574E-09 2.568E-09 2.561E-09 2.554E-09 2.547E-09 2.540E-09
 2.533E-09 2.526E-09 2.519E-09 2.066E-09 1.934E-09 1.933E-09 1.672E-09 1.608E-09
 1.611E-09 1.616E-09 1.604E-09 9.945E-10 8.578E-10 8.622E-10 8.669E-10 8.709E-10
 8.754E-10
 2.542E-09 2.539E-09 2.533E-09 2.526E-09 2.520E-09 2.514E-09 2.507E-09 2.501E-09
 2.495E-09 2.489E-09 2.482E-09 2.097E-09 1.987E-09 1.982E-09 1.712E-09 1.650E-09
 1.650E-09 1.652E-09 1.634E-09 9.447E-10 7.977E-10 8.014E-10 8.054E-10 8.089E-10
 8.129E-10
 2.488E-09 2.485E-09 2.480E-09 2.474E-09 2.468E-09 2.462E-09 2.456E-09 2.451E-09
 2.445E-09 2.439E-09 2.433E-09 2.095E-09 1.998E-09 1.991E-09 1.725E-09 1.667E-09
 1.665E-09 1.665E-09 1.644E-09 9.087E-10 7.557E-10 7.589E-10 7.624E-10 7.656E-10
 7.693E-10
 2.435E-09 2.433E-09 2.427E-09 2.422E-09 2.417E-09 2.411E-09 2.406E-09 2.401E-09
 2.395E-09 2.390E-09 2.385E-09 2.080E-09 1.994E-09 1.986E-09 1.727E-09 1.672E-09
 1.670E-09 1.668E-09 1.645E-09 8.798E-10 7.228E-10 7.256E-10 7.289E-10 7.318E-10
 7.353E-10
 2.386E-09 2.384E-09 2.379E-09 2.374E-09 2.369E-09 2.364E-09 2.359E-09 2.354E-09
 2.349E-09 2.344E-09 2.339E-09 2.062E-09 1.982E-09 1.973E-09 1.724E-09 1.672E-09
 1.669E-09 1.666E-09 1.641E-09 8.554E-10 6.954E-10 6.979E-10 7.009E-10 7.037E-10
 7.070E-10
 2.341E-09 2.339E-09 2.335E-09 2.330E-09 2.325E-09 2.321E-09 2.316E-09 2.311E-09
 2.306E-09 2.302E-09 2.297E-09 2.041E-09 1.968E-09 1.958E-09 1.718E-09 1.668E-09
 1.664E-09 1.661E-09 1.635E-09 8.339E-10 6.717E-10 6.740E-10 6.768E-10 6.794E-10
 6.826E-10
--------------------------------------------------------------------------------
   20 /EREF=3.000E+03 /NREF=3.000E+12
--------------------------------------------------------------------------------
 1.000E+01 2.000E+01 3.000E+01 4.000E+01 5.000E+01 6.000E+01 7.000E+01 8.000E+01
 8.966E+01 1.000E+02 2.000E+02 3.000E+02 4.000E+02 5.000E+02 6.000E+02 7.000E+02
 8.000E+02 8.966E+02 1.000E+03 2.000E+03
--------------------------------------------------------------------------------
 1.279E-08 7.453E-09 5.142E-09 3.876E-09 3.085E-09 2.547E-09 2.161E-09 1.870E-09
 1.645E-09 1.465E-09 6.776E-10 4.325E-10 3.155E-10 2.472E-10 2.022E-10 1.702E-10
 1.467E-10 1.286E-10 1.140E-10 4.968E-11
--------------------------------------------------------------------------------
C
C
C     ADAS FILE TYPE : 	ADF21
C     SOURCE FILE    :  /home/anderson/adas/adf26/bnl99#he/bnl99#he_n7.dat          
C
C     USER ID	     :  anderson        
C
--------------------------------------------------------------------------------
 
C---------------------------------------------------------------------------------
C ADAS ADF21/bms99#he_slow DATA - SCCS info: @(#)$Header: /u/xshare/Attic/repos/codesys/source/adas/data/adf21/bms99#he_slow/gcrc13/gcrc13#he_n7.dat,v 1.1 2009-07-30 05:41:22 Marina Gorelenkova Exp $ Date $Date: 2009-07-30 05:41:22 $
C---------------------------------------------------------------------------------
