   10 /GCRC3=1.363E-09 /SPEC=NE /DATE=06/01/99 /CODE=ADAS313
--------------------------------------------------------------------------------
   25   25 /TREF=1.000E+02
--------------------------------------------------------------------------------
 5.000E+01 1.000E+02 2.000E+02 3.000E+02 4.000E+02 5.000E+02 6.000E+02 7.000E+02
 8.000E+02 9.000E+02 1.000E+03 2.000E+03 3.000E+03 4.000E+03 5.000E+03 6.000E+03
 7.000E+03 8.000E+03 9.000E+03 1.000E+04 1.100E+04 1.200E+04 1.300E+04 1.400E+04
 1.500E+04
 1.000E+11 2.000E+11 3.000E+11 4.000E+11 5.000E+11 6.000E+11 7.000E+11 8.000E+11
 9.000E+11 1.000E+12 2.000E+12 3.000E+12 4.000E+12 5.000E+12 6.000E+12 7.000E+12
 8.000E+12 9.000E+12 1.000E+13 2.000E+13 3.000E+13 4.000E+13 5.000E+13 6.000E+13
 7.000E+13
--------------------------------------------------------------------------------
 2.695E-09 2.694E-09 2.693E-09 2.692E-09 2.691E-09 2.691E-09 2.690E-09 2.689E-09
 2.689E-09 2.688E-09 2.688E-09 2.435E-09 2.201E-09 2.221E-09 2.219E-09 2.225E-09
 2.246E-09 2.264E-09 2.280E-09 2.293E-09 2.305E-09 2.316E-09 2.325E-09 2.334E-09
 2.341E-09
 2.661E-09 2.660E-09 2.658E-09 2.656E-09 2.655E-09 2.653E-09 2.652E-09 2.651E-09
 2.650E-09 2.649E-09 2.647E-09 2.248E-09 1.931E-09 1.956E-09 1.946E-09 1.950E-09
 1.976E-09 2.000E-09 2.020E-09 2.035E-09 2.049E-09 2.063E-09 2.075E-09 2.086E-09
 2.096E-09
 2.631E-09 2.628E-09 2.626E-09 2.624E-09 2.622E-09 2.620E-09 2.618E-09 2.617E-09
 2.615E-09 2.613E-09 2.612E-09 2.116E-09 1.764E-09 1.790E-09 1.773E-09 1.773E-09
 1.801E-09 1.827E-09 1.849E-09 1.862E-09 1.875E-09 1.891E-09 1.904E-09 1.916E-09
 1.926E-09
 2.604E-09 2.601E-09 2.598E-09 2.595E-09 2.593E-09 2.591E-09 2.589E-09 2.587E-09
 2.585E-09 2.583E-09 2.581E-09 2.018E-09 1.652E-09 1.678E-09 1.654E-09 1.651E-09
 1.679E-09 1.705E-09 1.728E-09 1.738E-09 1.749E-09 1.765E-09 1.778E-09 1.790E-09
 1.801E-09
 2.580E-09 2.578E-09 2.574E-09 2.571E-09 2.569E-09 2.566E-09 2.564E-09 2.561E-09
 2.559E-09 2.556E-09 2.554E-09 1.943E-09 1.572E-09 1.597E-09 1.567E-09 1.562E-09
 1.590E-09 1.616E-09 1.638E-09 1.644E-09 1.653E-09 1.668E-09 1.682E-09 1.694E-09
 1.705E-09
 2.560E-09 2.557E-09 2.554E-09 2.550E-09 2.548E-09 2.545E-09 2.542E-09 2.539E-09
 2.537E-09 2.534E-09 2.531E-09 1.883E-09 1.513E-09 1.537E-09 1.503E-09 1.495E-09
 1.522E-09 1.547E-09 1.569E-09 1.570E-09 1.576E-09 1.592E-09 1.605E-09 1.617E-09
 1.628E-09
 2.543E-09 2.540E-09 2.536E-09 2.533E-09 2.530E-09 2.526E-09 2.523E-09 2.520E-09
 2.517E-09 2.514E-09 2.511E-09 1.836E-09 1.468E-09 1.492E-09 1.452E-09 1.442E-09
 1.469E-09 1.494E-09 1.515E-09 1.510E-09 1.514E-09 1.529E-09 1.543E-09 1.555E-09
 1.565E-09
 2.528E-09 2.525E-09 2.521E-09 2.517E-09 2.514E-09 2.511E-09 2.508E-09 2.504E-09
 2.501E-09 2.498E-09 2.495E-09 1.797E-09 1.434E-09 1.457E-09 1.413E-09 1.401E-09
 1.427E-09 1.451E-09 1.472E-09 1.461E-09 1.462E-09 1.477E-09 1.490E-09 1.502E-09
 1.513E-09
 2.516E-09 2.512E-09 2.508E-09 2.504E-09 2.501E-09 2.497E-09 2.494E-09 2.490E-09
 2.487E-09 2.483E-09 2.480E-09 1.765E-09 1.407E-09 1.429E-09 1.382E-09 1.368E-09
 1.393E-09 1.417E-09 1.438E-09 1.420E-09 1.418E-09 1.433E-09 1.446E-09 1.457E-09
 1.468E-09
 2.505E-09 2.501E-09 2.497E-09 2.493E-09 2.489E-09 2.486E-09 2.482E-09 2.478E-09
 2.475E-09 2.471E-09 2.467E-09 1.739E-09 1.386E-09 1.408E-09 1.357E-09 1.342E-09
 1.366E-09 1.389E-09 1.410E-09 1.385E-09 1.380E-09 1.395E-09 1.408E-09 1.419E-09
 1.429E-09
 2.454E-09 2.450E-09 2.445E-09 2.440E-09 2.435E-09 2.430E-09 2.426E-09 2.421E-09
 2.416E-09 2.411E-09 2.406E-09 1.630E-09 1.328E-09 1.346E-09 1.264E-09 1.239E-09
 1.258E-09 1.278E-09 1.294E-09 1.196E-09 1.165E-09 1.177E-09 1.188E-09 1.198E-09
 1.207E-09
 2.452E-09 2.448E-09 2.442E-09 2.437E-09 2.432E-09 2.426E-09 2.421E-09 2.415E-09
 2.410E-09 2.405E-09 2.399E-09 1.628E-09 1.363E-09 1.378E-09 1.270E-09 1.238E-09
 1.255E-09 1.271E-09 1.285E-09 1.113E-09 1.064E-09 1.075E-09 1.085E-09 1.093E-09
 1.101E-09
 2.466E-09 2.462E-09 2.456E-09 2.450E-09 2.445E-09 2.439E-09 2.433E-09 2.428E-09
 2.422E-09 2.416E-09 2.410E-09 1.657E-09 1.418E-09 1.431E-09 1.299E-09 1.262E-09
 1.276E-09 1.291E-09 1.303E-09 1.064E-09 1.001E-09 1.011E-09 1.020E-09 1.028E-09
 1.035E-09
 2.484E-09 2.481E-09 2.474E-09 2.469E-09 2.463E-09 2.457E-09 2.451E-09 2.445E-09
 2.439E-09 2.433E-09 2.427E-09 1.694E-09 1.475E-09 1.487E-09 1.333E-09 1.291E-09
 1.304E-09 1.317E-09 1.328E-09 1.029E-09 9.571E-10 9.660E-10 9.741E-10 9.812E-10
 9.881E-10
 2.503E-09 2.500E-09 2.493E-09 2.487E-09 2.482E-09 2.476E-09 2.470E-09 2.464E-09
 2.458E-09 2.452E-09 2.446E-09 1.733E-09 1.530E-09 1.540E-09 1.366E-09 1.321E-09
 1.333E-09 1.345E-09 1.354E-09 1.003E-09 9.233E-10 9.316E-10 9.391E-10 9.458E-10
 9.523E-10
 2.521E-09 2.517E-09 2.511E-09 2.505E-09 2.499E-09 2.493E-09 2.487E-09 2.481E-09
 2.475E-09 2.469E-09 2.463E-09 1.770E-09 1.580E-09 1.589E-09 1.397E-09 1.349E-09
 1.360E-09 1.371E-09 1.379E-09 9.820E-10 8.962E-10 9.040E-10 9.111E-10 9.174E-10
 9.236E-10
 2.536E-09 2.533E-09 2.526E-09 2.520E-09 2.515E-09 2.509E-09 2.502E-09 2.496E-09
 2.490E-09 2.484E-09 2.478E-09 1.804E-09 1.626E-09 1.634E-09 1.425E-09 1.375E-09
 1.385E-09 1.395E-09 1.402E-09 9.645E-10 8.737E-10 8.811E-10 8.878E-10 8.939E-10
 8.998E-10
 2.549E-09 2.546E-09 2.540E-09 2.534E-09 2.528E-09 2.522E-09 2.516E-09 2.509E-09
 2.503E-09 2.497E-09 2.491E-09 1.835E-09 1.666E-09 1.673E-09 1.450E-09 1.399E-09
 1.408E-09 1.417E-09 1.423E-09 9.495E-10 8.546E-10 8.617E-10 8.681E-10 8.738E-10
 8.795E-10
 2.560E-09 2.556E-09 2.550E-09 2.544E-09 2.538E-09 2.532E-09 2.526E-09 2.520E-09
 2.514E-09 2.508E-09 2.502E-09 1.863E-09 1.702E-09 1.708E-09 1.473E-09 1.420E-09
 1.428E-09 1.437E-09 1.442E-09 9.364E-10 8.380E-10 8.448E-10 8.509E-10 8.565E-10
 8.620E-10
 2.581E-09 2.578E-09 2.573E-09 2.567E-09 2.562E-09 2.556E-09 2.551E-09 2.545E-09
 2.539E-09 2.534E-09 2.528E-09 2.016E-09 1.899E-09 1.900E-09 1.605E-09 1.550E-09
 1.553E-09 1.557E-09 1.556E-09 8.554E-10 7.380E-10 7.429E-10 7.476E-10 7.518E-10
 7.562E-10
 2.539E-09 2.536E-09 2.531E-09 2.527E-09 2.522E-09 2.517E-09 2.512E-09 2.506E-09
 2.501E-09 2.496E-09 2.491E-09 2.057E-09 1.961E-09 1.958E-09 1.656E-09 1.604E-09
 1.605E-09 1.607E-09 1.602E-09 8.095E-10 6.833E-10 6.874E-10 6.913E-10 6.949E-10
 6.987E-10
 2.485E-09 2.483E-09 2.479E-09 2.474E-09 2.470E-09 2.465E-09 2.460E-09 2.456E-09
 2.451E-09 2.446E-09 2.442E-09 2.062E-09 1.978E-09 1.974E-09 1.678E-09 1.629E-09
 1.628E-09 1.629E-09 1.622E-09 7.761E-10 6.445E-10 6.481E-10 6.516E-10 6.547E-10
 6.582E-10
 2.433E-09 2.431E-09 2.427E-09 2.423E-09 2.418E-09 2.414E-09 2.410E-09 2.406E-09
 2.401E-09 2.397E-09 2.392E-09 2.052E-09 1.978E-09 1.972E-09 1.686E-09 1.641E-09
 1.639E-09 1.638E-09 1.630E-09 7.492E-10 6.138E-10 6.170E-10 6.202E-10 6.230E-10
 6.263E-10
 2.384E-09 2.382E-09 2.378E-09 2.375E-09 2.371E-09 2.367E-09 2.363E-09 2.359E-09
 2.355E-09 2.351E-09 2.347E-09 2.037E-09 1.969E-09 1.962E-09 1.688E-09 1.645E-09
 1.643E-09 1.641E-09 1.632E-09 7.263E-10 5.880E-10 5.910E-10 5.939E-10 5.965E-10
 5.996E-10
 2.340E-09 2.338E-09 2.334E-09 2.331E-09 2.327E-09 2.323E-09 2.320E-09 2.316E-09
 2.312E-09 2.308E-09 2.304E-09 2.019E-09 1.956E-09 1.949E-09 1.685E-09 1.645E-09
 1.642E-09 1.640E-09 1.629E-09 7.060E-10 5.656E-10 5.684E-10 5.711E-10 5.736E-10
 5.765E-10
--------------------------------------------------------------------------------
   20 /EREF=3.000E+03 /NREF=3.000E+12
--------------------------------------------------------------------------------
 1.000E+01 2.000E+01 3.000E+01 4.000E+01 5.000E+01 6.000E+01 7.000E+01 8.000E+01
 8.966E+01 1.000E+02 2.000E+02 3.000E+02 4.000E+02 5.000E+02 6.000E+02 7.000E+02
 8.000E+02 8.966E+02 1.000E+03 2.000E+03
--------------------------------------------------------------------------------
 1.245E-08 7.182E-09 4.922E-09 3.690E-09 2.923E-09 2.404E-09 2.031E-09 1.752E-09
 1.535E-09 1.363E-09 6.138E-10 3.839E-10 2.755E-10 2.130E-10 1.724E-10 1.439E-10
 1.230E-10 1.069E-10 9.417E-11 4.003E-11
--------------------------------------------------------------------------------
C
C
C     ADAS FILE TYPE : 	ADF21
C     SOURCE FILE    :  /home/anderson/adas/adf26/bnl99#he/bnl99#he_ne10.dat        
C
C     USER ID	     :  anderson        
C
--------------------------------------------------------------------------------
 
C---------------------------------------------------------------------------------
C ADAS ADF21/bms99#he_slow DATA - SCCS info: @(#)$Header: /u/xshare/Attic/repos/codesys/source/adas/data/adf21/bms99#he_slow/gcrc13/gcrc13#he_ne10.dat,v 1.1 2009-07-30 05:41:22 Marina Gorelenkova Exp $ Date $Date: 2009-07-30 05:41:22 $
C---------------------------------------------------------------------------------
