    5 /GCRC3=1.570E-09 /SPEC=B  /DATE=06/01/99 /CODE=ADAS313
--------------------------------------------------------------------------------
   25   25 /TREF=1.000E+02
--------------------------------------------------------------------------------
 5.000E+01 1.000E+02 2.000E+02 3.000E+02 4.000E+02 5.000E+02 6.000E+02 7.000E+02
 8.000E+02 9.000E+02 1.000E+03 2.000E+03 3.000E+03 4.000E+03 5.000E+03 6.000E+03
 7.000E+03 8.000E+03 9.000E+03 1.000E+04 1.100E+04 1.200E+04 1.300E+04 1.400E+04
 1.500E+04
 1.000E+11 2.000E+11 3.000E+11 4.000E+11 5.000E+11 6.000E+11 7.000E+11 8.000E+11
 9.000E+11 1.000E+12 2.000E+12 3.000E+12 4.000E+12 5.000E+12 6.000E+12 7.000E+12
 8.000E+12 9.000E+12 1.000E+13 2.000E+13 3.000E+13 4.000E+13 5.000E+13 6.000E+13
 7.000E+13
--------------------------------------------------------------------------------
 2.701E-09 2.701E-09 2.700E-09 2.699E-09 2.698E-09 2.698E-09 2.697E-09 2.696E-09
 2.696E-09 2.695E-09 2.694E-09 2.548E-09 2.413E-09 2.424E-09 2.424E-09 2.428E-09
 2.439E-09 2.450E-09 2.458E-09 2.465E-09 2.471E-09 2.476E-09 2.481E-09 2.485E-09
 2.488E-09
 2.672E-09 2.670E-09 2.668E-09 2.667E-09 2.665E-09 2.664E-09 2.662E-09 2.661E-09
 2.659E-09 2.658E-09 2.656E-09 2.413E-09 2.211E-09 2.225E-09 2.222E-09 2.225E-09
 2.240E-09 2.254E-09 2.266E-09 2.273E-09 2.281E-09 2.288E-09 2.294E-09 2.298E-09
 2.302E-09
 2.643E-09 2.641E-09 2.638E-09 2.636E-09 2.634E-09 2.631E-09 2.629E-09 2.627E-09
 2.625E-09 2.623E-09 2.620E-09 2.310E-09 2.069E-09 2.085E-09 2.078E-09 2.078E-09
 2.096E-09 2.112E-09 2.124E-09 2.132E-09 2.138E-09 2.146E-09 2.153E-09 2.158E-09
 2.162E-09
 2.618E-09 2.615E-09 2.612E-09 2.609E-09 2.606E-09 2.603E-09 2.600E-09 2.597E-09
 2.594E-09 2.592E-09 2.589E-09 2.229E-09 1.965E-09 1.981E-09 1.970E-09 1.969E-09
 1.987E-09 2.004E-09 2.017E-09 2.023E-09 2.029E-09 2.037E-09 2.043E-09 2.049E-09
 2.053E-09
 2.595E-09 2.593E-09 2.588E-09 2.585E-09 2.581E-09 2.578E-09 2.575E-09 2.571E-09
 2.568E-09 2.564E-09 2.561E-09 2.164E-09 1.886E-09 1.901E-09 1.887E-09 1.884E-09
 1.903E-09 1.919E-09 1.933E-09 1.936E-09 1.941E-09 1.949E-09 1.956E-09 1.961E-09
 1.966E-09
 2.576E-09 2.573E-09 2.568E-09 2.564E-09 2.560E-09 2.556E-09 2.552E-09 2.549E-09
 2.545E-09 2.541E-09 2.537E-09 2.111E-09 1.824E-09 1.839E-09 1.822E-09 1.817E-09
 1.835E-09 1.852E-09 1.866E-09 1.867E-09 1.869E-09 1.878E-09 1.884E-09 1.890E-09
 1.894E-09
 2.559E-09 2.556E-09 2.551E-09 2.546E-09 2.542E-09 2.538E-09 2.533E-09 2.529E-09
 2.525E-09 2.521E-09 2.516E-09 2.067E-09 1.774E-09 1.789E-09 1.769E-09 1.762E-09
 1.781E-09 1.798E-09 1.811E-09 1.809E-09 1.810E-09 1.818E-09 1.825E-09 1.830E-09
 1.835E-09
 2.545E-09 2.541E-09 2.536E-09 2.531E-09 2.526E-09 2.521E-09 2.517E-09 2.512E-09
 2.508E-09 2.503E-09 2.498E-09 2.031E-09 1.734E-09 1.749E-09 1.726E-09 1.718E-09
 1.736E-09 1.753E-09 1.766E-09 1.761E-09 1.759E-09 1.767E-09 1.774E-09 1.779E-09
 1.784E-09
 2.532E-09 2.528E-09 2.523E-09 2.517E-09 2.512E-09 2.507E-09 2.503E-09 2.498E-09
 2.493E-09 2.488E-09 2.483E-09 2.000E-09 1.702E-09 1.716E-09 1.690E-09 1.681E-09
 1.699E-09 1.715E-09 1.728E-09 1.719E-09 1.716E-09 1.724E-09 1.730E-09 1.736E-09
 1.740E-09
 2.521E-09 2.517E-09 2.511E-09 2.506E-09 2.501E-09 2.495E-09 2.490E-09 2.485E-09
 2.480E-09 2.475E-09 2.469E-09 1.974E-09 1.675E-09 1.689E-09 1.661E-09 1.650E-09
 1.668E-09 1.684E-09 1.697E-09 1.684E-09 1.678E-09 1.686E-09 1.692E-09 1.698E-09
 1.702E-09
 2.470E-09 2.465E-09 2.458E-09 2.450E-09 2.443E-09 2.436E-09 2.429E-09 2.422E-09
 2.415E-09 2.408E-09 2.401E-09 1.853E-09 1.568E-09 1.580E-09 1.529E-09 1.507E-09
 1.523E-09 1.538E-09 1.548E-09 1.488E-09 1.458E-09 1.465E-09 1.471E-09 1.476E-09
 1.481E-09
 2.467E-09 2.462E-09 2.453E-09 2.445E-09 2.437E-09 2.429E-09 2.421E-09 2.413E-09
 2.405E-09 2.397E-09 2.389E-09 1.835E-09 1.570E-09 1.581E-09 1.510E-09 1.480E-09
 1.494E-09 1.507E-09 1.514E-09 1.403E-09 1.352E-09 1.359E-09 1.364E-09 1.369E-09
 1.374E-09
 2.480E-09 2.475E-09 2.466E-09 2.457E-09 2.448E-09 2.440E-09 2.431E-09 2.423E-09
 2.414E-09 2.406E-09 2.398E-09 1.849E-09 1.602E-09 1.611E-09 1.522E-09 1.484E-09
 1.497E-09 1.509E-09 1.514E-09 1.353E-09 1.285E-09 1.291E-09 1.297E-09 1.302E-09
 1.306E-09
 2.498E-09 2.492E-09 2.483E-09 2.474E-09 2.465E-09 2.456E-09 2.448E-09 2.439E-09
 2.430E-09 2.422E-09 2.413E-09 1.875E-09 1.642E-09 1.650E-09 1.543E-09 1.500E-09
 1.511E-09 1.523E-09 1.525E-09 1.319E-09 1.237E-09 1.243E-09 1.248E-09 1.253E-09
 1.257E-09
 2.516E-09 2.511E-09 2.501E-09 2.492E-09 2.483E-09 2.474E-09 2.465E-09 2.456E-09
 2.447E-09 2.439E-09 2.430E-09 1.903E-09 1.683E-09 1.690E-09 1.567E-09 1.518E-09
 1.529E-09 1.539E-09 1.539E-09 1.293E-09 1.200E-09 1.205E-09 1.210E-09 1.215E-09
 1.219E-09
 2.533E-09 2.528E-09 2.518E-09 2.509E-09 2.500E-09 2.491E-09 2.482E-09 2.473E-09
 2.464E-09 2.455E-09 2.446E-09 1.931E-09 1.722E-09 1.728E-09 1.590E-09 1.537E-09
 1.546E-09 1.556E-09 1.553E-09 1.271E-09 1.170E-09 1.174E-09 1.179E-09 1.184E-09
 1.188E-09
 2.548E-09 2.543E-09 2.533E-09 2.524E-09 2.514E-09 2.505E-09 2.496E-09 2.487E-09
 2.478E-09 2.470E-09 2.461E-09 1.958E-09 1.757E-09 1.762E-09 1.611E-09 1.555E-09
 1.563E-09 1.573E-09 1.567E-09 1.253E-09 1.144E-09 1.148E-09 1.154E-09 1.158E-09
 1.162E-09
 2.560E-09 2.555E-09 2.546E-09 2.536E-09 2.527E-09 2.518E-09 2.509E-09 2.500E-09
 2.491E-09 2.482E-09 2.473E-09 1.982E-09 1.790E-09 1.794E-09 1.630E-09 1.571E-09
 1.579E-09 1.587E-09 1.580E-09 1.238E-09 1.122E-09 1.126E-09 1.131E-09 1.136E-09
 1.140E-09
 2.571E-09 2.566E-09 2.556E-09 2.547E-09 2.537E-09 2.528E-09 2.519E-09 2.510E-09
 2.501E-09 2.493E-09 2.484E-09 2.003E-09 1.818E-09 1.821E-09 1.648E-09 1.586E-09
 1.593E-09 1.601E-09 1.592E-09 1.224E-09 1.103E-09 1.107E-09 1.112E-09 1.116E-09
 1.120E-09
 2.589E-09 2.585E-09 2.576E-09 2.567E-09 2.559E-09 2.550E-09 2.542E-09 2.533E-09
 2.525E-09 2.517E-09 2.509E-09 2.114E-09 1.973E-09 1.969E-09 1.742E-09 1.671E-09
 1.673E-09 1.677E-09 1.654E-09 1.135E-09 9.854E-10 9.879E-10 9.920E-10 9.955E-10
 9.995E-10
 2.546E-09 2.541E-09 2.534E-09 2.526E-09 2.518E-09 2.510E-09 2.503E-09 2.495E-09
 2.487E-09 2.480E-09 2.472E-09 2.134E-09 2.015E-09 2.007E-09 1.769E-09 1.700E-09
 1.699E-09 1.700E-09 1.670E-09 1.082E-09 9.210E-10 9.227E-10 9.263E-10 9.294E-10
 9.332E-10
 2.491E-09 2.487E-09 2.480E-09 2.473E-09 2.466E-09 2.459E-09 2.452E-09 2.445E-09
 2.438E-09 2.431E-09 2.424E-09 2.125E-09 2.020E-09 2.010E-09 1.775E-09 1.708E-09
 1.706E-09 1.704E-09 1.670E-09 1.044E-09 8.759E-10 8.772E-10 8.804E-10 8.833E-10
 8.868E-10
 2.438E-09 2.434E-09 2.428E-09 2.421E-09 2.415E-09 2.408E-09 2.401E-09 2.395E-09
 2.388E-09 2.382E-09 2.376E-09 2.107E-09 2.012E-09 2.000E-09 1.771E-09 1.707E-09
 1.704E-09 1.701E-09 1.664E-09 1.013E-09 8.408E-10 8.417E-10 8.447E-10 8.473E-10
 8.507E-10
 2.388E-09 2.385E-09 2.379E-09 2.373E-09 2.367E-09 2.361E-09 2.355E-09 2.348E-09
 2.342E-09 2.336E-09 2.330E-09 2.085E-09 1.997E-09 1.985E-09 1.763E-09 1.702E-09
 1.698E-09 1.694E-09 1.655E-09 9.871E-10 8.116E-10 8.123E-10 8.151E-10 8.175E-10
 8.207E-10
 2.343E-09 2.340E-09 2.335E-09 2.329E-09 2.323E-09 2.317E-09 2.312E-09 2.306E-09
 2.300E-09 2.295E-09 2.289E-09 2.062E-09 1.980E-09 1.968E-09 1.753E-09 1.695E-09
 1.689E-09 1.685E-09 1.644E-09 9.642E-10 7.865E-10 7.870E-10 7.896E-10 7.919E-10
 7.950E-10
--------------------------------------------------------------------------------
   20 /EREF=3.000E+03 /NREF=3.000E+12
--------------------------------------------------------------------------------
 1.000E+01 2.000E+01 3.000E+01 4.000E+01 5.000E+01 6.000E+01 7.000E+01 8.000E+01
 8.966E+01 1.000E+02 2.000E+02 3.000E+02 4.000E+02 5.000E+02 6.000E+02 7.000E+02
 8.000E+02 8.966E+02 1.000E+03 2.000E+03
--------------------------------------------------------------------------------
 1.313E-08 7.720E-09 5.362E-09 4.064E-09 3.249E-09 2.694E-09 2.294E-09 1.992E-09
 1.758E-09 1.570E-09 7.447E-10 4.842E-10 3.585E-10 2.839E-10 2.344E-10 1.993E-10
 1.727E-10 1.520E-10 1.353E-10 6.041E-11
--------------------------------------------------------------------------------
C
C
C     ADAS FILE TYPE : 	ADF21
C     SOURCE FILE    :  /home/anderson/adas/adf26/bnl99#he/bnl99#he_b5.dat          
C
C     USER ID	     :  anderson        
C
--------------------------------------------------------------------------------
 
C---------------------------------------------------------------------------------
C ADAS ADF21/bms99#he_slow DATA - SCCS info: @(#)$Header: /u/xshare/Attic/repos/codesys/source/adas/data/adf21/bms99#he_slow/gcrc13/gcrc13#he_b5.dat,v 1.1 2009-07-30 05:41:22 Marina Gorelenkova Exp $ Date $Date: 2009-07-30 05:41:22 $
C---------------------------------------------------------------------------------
