    6 /GCRC3=1.513E-09 /SPEC=C  /DATE=06/01/99 /CODE=ADAS313
--------------------------------------------------------------------------------
   25   25 /TREF=1.000E+02
--------------------------------------------------------------------------------
 5.000E+01 1.000E+02 2.000E+02 3.000E+02 4.000E+02 5.000E+02 6.000E+02 7.000E+02
 8.000E+02 9.000E+02 1.000E+03 2.000E+03 3.000E+03 4.000E+03 5.000E+03 6.000E+03
 7.000E+03 8.000E+03 9.000E+03 1.000E+04 1.100E+04 1.200E+04 1.300E+04 1.400E+04
 1.500E+04
 1.000E+11 2.000E+11 3.000E+11 4.000E+11 5.000E+11 6.000E+11 7.000E+11 8.000E+11
 9.000E+11 1.000E+12 2.000E+12 3.000E+12 4.000E+12 5.000E+12 6.000E+12 7.000E+12
 8.000E+12 9.000E+12 1.000E+13 2.000E+13 3.000E+13 4.000E+13 5.000E+13 6.000E+13
 7.000E+13
--------------------------------------------------------------------------------
 2.700E-09 2.699E-09 2.698E-09 2.697E-09 2.697E-09 2.696E-09 2.695E-09 2.695E-09
 2.694E-09 2.693E-09 2.693E-09 2.523E-09 2.366E-09 2.379E-09 2.379E-09 2.383E-09
 2.397E-09 2.410E-09 2.420E-09 2.428E-09 2.435E-09 2.442E-09 2.448E-09 2.453E-09
 2.457E-09
 2.669E-09 2.668E-09 2.666E-09 2.664E-09 2.662E-09 2.661E-09 2.659E-09 2.658E-09
 2.657E-09 2.655E-09 2.654E-09 2.376E-09 2.146E-09 2.163E-09 2.159E-09 2.162E-09
 2.181E-09 2.197E-09 2.211E-09 2.221E-09 2.229E-09 2.238E-09 2.245E-09 2.252E-09
 2.257E-09
 2.640E-09 2.638E-09 2.635E-09 2.633E-09 2.630E-09 2.628E-09 2.626E-09 2.624E-09
 2.622E-09 2.620E-09 2.618E-09 2.265E-09 1.996E-09 2.014E-09 2.006E-09 2.007E-09
 2.028E-09 2.046E-09 2.061E-09 2.070E-09 2.079E-09 2.089E-09 2.097E-09 2.104E-09
 2.109E-09
 2.614E-09 2.611E-09 2.608E-09 2.605E-09 2.602E-09 2.600E-09 2.597E-09 2.594E-09
 2.592E-09 2.589E-09 2.586E-09 2.180E-09 1.888E-09 1.907E-09 1.894E-09 1.893E-09
 1.915E-09 1.934E-09 1.950E-09 1.957E-09 1.964E-09 1.974E-09 1.983E-09 1.990E-09
 1.996E-09
 2.591E-09 2.588E-09 2.584E-09 2.581E-09 2.578E-09 2.575E-09 2.572E-09 2.568E-09
 2.565E-09 2.562E-09 2.559E-09 2.112E-09 1.808E-09 1.826E-09 1.809E-09 1.806E-09
 1.828E-09 1.847E-09 1.863E-09 1.868E-09 1.874E-09 1.884E-09 1.893E-09 1.900E-09
 1.906E-09
 2.572E-09 2.569E-09 2.564E-09 2.560E-09 2.557E-09 2.553E-09 2.550E-09 2.546E-09
 2.543E-09 2.539E-09 2.535E-09 2.057E-09 1.745E-09 1.763E-09 1.743E-09 1.738E-09
 1.759E-09 1.779E-09 1.795E-09 1.797E-09 1.801E-09 1.811E-09 1.820E-09 1.827E-09
 1.833E-09
 2.555E-09 2.552E-09 2.547E-09 2.542E-09 2.538E-09 2.535E-09 2.531E-09 2.527E-09
 2.523E-09 2.519E-09 2.515E-09 2.012E-09 1.696E-09 1.714E-09 1.690E-09 1.683E-09
 1.705E-09 1.724E-09 1.740E-09 1.738E-09 1.740E-09 1.750E-09 1.759E-09 1.766E-09
 1.772E-09
 2.540E-09 2.537E-09 2.532E-09 2.527E-09 2.523E-09 2.519E-09 2.514E-09 2.510E-09
 2.506E-09 2.502E-09 2.497E-09 1.975E-09 1.657E-09 1.674E-09 1.647E-09 1.639E-09
 1.660E-09 1.679E-09 1.695E-09 1.689E-09 1.689E-09 1.699E-09 1.707E-09 1.714E-09
 1.721E-09
 2.528E-09 2.524E-09 2.519E-09 2.514E-09 2.509E-09 2.505E-09 2.500E-09 2.496E-09
 2.491E-09 2.487E-09 2.482E-09 1.943E-09 1.625E-09 1.642E-09 1.612E-09 1.602E-09
 1.623E-09 1.642E-09 1.658E-09 1.647E-09 1.645E-09 1.655E-09 1.663E-09 1.670E-09
 1.676E-09
 2.517E-09 2.513E-09 2.507E-09 2.502E-09 2.497E-09 2.493E-09 2.488E-09 2.483E-09
 2.478E-09 2.474E-09 2.469E-09 1.917E-09 1.600E-09 1.616E-09 1.583E-09 1.572E-09
 1.592E-09 1.611E-09 1.626E-09 1.612E-09 1.606E-09 1.616E-09 1.625E-09 1.632E-09
 1.638E-09
 2.466E-09 2.461E-09 2.454E-09 2.447E-09 2.441E-09 2.434E-09 2.428E-09 2.422E-09
 2.415E-09 2.409E-09 2.402E-09 1.797E-09 1.503E-09 1.517E-09 1.460E-09 1.437E-09
 1.454E-09 1.471E-09 1.483E-09 1.415E-09 1.385E-09 1.393E-09 1.401E-09 1.407E-09
 1.413E-09
 2.463E-09 2.458E-09 2.450E-09 2.443E-09 2.436E-09 2.428E-09 2.421E-09 2.414E-09
 2.407E-09 2.399E-09 2.392E-09 1.783E-09 1.513E-09 1.525E-09 1.446E-09 1.415E-09
 1.431E-09 1.446E-09 1.455E-09 1.329E-09 1.278E-09 1.286E-09 1.293E-09 1.299E-09
 1.305E-09
 2.476E-09 2.471E-09 2.463E-09 2.455E-09 2.447E-09 2.440E-09 2.432E-09 2.424E-09
 2.417E-09 2.409E-09 2.401E-09 1.800E-09 1.550E-09 1.561E-09 1.462E-09 1.424E-09
 1.438E-09 1.452E-09 1.458E-09 1.279E-09 1.211E-09 1.218E-09 1.225E-09 1.230E-09
 1.236E-09
 2.494E-09 2.489E-09 2.481E-09 2.473E-09 2.465E-09 2.457E-09 2.449E-09 2.441E-09
 2.433E-09 2.425E-09 2.417E-09 1.828E-09 1.595E-09 1.604E-09 1.487E-09 1.443E-09
 1.455E-09 1.468E-09 1.471E-09 1.243E-09 1.163E-09 1.169E-09 1.176E-09 1.181E-09
 1.186E-09
 2.513E-09 2.508E-09 2.499E-09 2.491E-09 2.483E-09 2.475E-09 2.466E-09 2.458E-09
 2.450E-09 2.442E-09 2.434E-09 1.859E-09 1.639E-09 1.648E-09 1.513E-09 1.464E-09
 1.475E-09 1.487E-09 1.488E-09 1.216E-09 1.125E-09 1.131E-09 1.138E-09 1.143E-09
 1.148E-09
 2.530E-09 2.525E-09 2.516E-09 2.508E-09 2.500E-09 2.491E-09 2.483E-09 2.475E-09
 2.467E-09 2.459E-09 2.451E-09 1.890E-09 1.681E-09 1.689E-09 1.537E-09 1.485E-09
 1.495E-09 1.506E-09 1.505E-09 1.195E-09 1.095E-09 1.101E-09 1.107E-09 1.112E-09
 1.117E-09
 2.545E-09 2.540E-09 2.531E-09 2.523E-09 2.515E-09 2.506E-09 2.498E-09 2.490E-09
 2.482E-09 2.474E-09 2.466E-09 1.918E-09 1.719E-09 1.726E-09 1.560E-09 1.505E-09
 1.514E-09 1.524E-09 1.521E-09 1.177E-09 1.070E-09 1.075E-09 1.081E-09 1.086E-09
 1.091E-09
 2.557E-09 2.553E-09 2.544E-09 2.536E-09 2.527E-09 2.519E-09 2.511E-09 2.503E-09
 2.495E-09 2.487E-09 2.478E-09 1.944E-09 1.754E-09 1.759E-09 1.581E-09 1.523E-09
 1.532E-09 1.541E-09 1.535E-09 1.161E-09 1.048E-09 1.054E-09 1.059E-09 1.064E-09
 1.069E-09
 2.568E-09 2.563E-09 2.555E-09 2.546E-09 2.538E-09 2.530E-09 2.521E-09 2.513E-09
 2.505E-09 2.497E-09 2.489E-09 1.967E-09 1.785E-09 1.789E-09 1.600E-09 1.540E-09
 1.547E-09 1.556E-09 1.548E-09 1.147E-09 1.030E-09 1.034E-09 1.040E-09 1.045E-09
 1.050E-09
 2.587E-09 2.583E-09 2.575E-09 2.567E-09 2.560E-09 2.552E-09 2.545E-09 2.537E-09
 2.529E-09 2.522E-09 2.514E-09 2.088E-09 1.952E-09 1.949E-09 1.704E-09 1.636E-09
 1.639E-09 1.643E-09 1.623E-09 1.059E-09 9.150E-10 9.185E-10 9.229E-10 9.268E-10
 9.311E-10
 2.544E-09 2.540E-09 2.533E-09 2.526E-09 2.519E-09 2.512E-09 2.505E-09 2.498E-09
 2.492E-09 2.485E-09 2.478E-09 2.114E-09 1.999E-09 1.993E-09 1.738E-09 1.672E-09
 1.672E-09 1.673E-09 1.646E-09 1.007E-09 8.528E-10 8.555E-10 8.594E-10 8.628E-10
 8.667E-10
 2.489E-09 2.486E-09 2.480E-09 2.473E-09 2.467E-09 2.461E-09 2.454E-09 2.448E-09
 2.442E-09 2.435E-09 2.429E-09 2.109E-09 2.008E-09 2.000E-09 1.748E-09 1.685E-09
 1.683E-09 1.683E-09 1.651E-09 9.701E-10 8.094E-10 8.116E-10 8.150E-10 8.181E-10
 8.218E-10
 2.436E-09 2.433E-09 2.428E-09 2.422E-09 2.416E-09 2.410E-09 2.404E-09 2.398E-09
 2.392E-09 2.386E-09 2.381E-09 2.092E-09 2.002E-09 1.992E-09 1.747E-09 1.688E-09
 1.685E-09 1.683E-09 1.648E-09 9.403E-10 7.755E-10 7.773E-10 7.805E-10 7.833E-10
 7.868E-10
 2.387E-09 2.384E-09 2.379E-09 2.374E-09 2.368E-09 2.363E-09 2.357E-09 2.352E-09
 2.346E-09 2.341E-09 2.335E-09 2.072E-09 1.989E-09 1.979E-09 1.742E-09 1.685E-09
 1.681E-09 1.679E-09 1.642E-09 9.152E-10 7.473E-10 7.488E-10 7.518E-10 7.544E-10
 7.577E-10
 2.342E-09 2.340E-09 2.335E-09 2.330E-09 2.324E-09 2.319E-09 2.314E-09 2.309E-09
 2.304E-09 2.299E-09 2.293E-09 2.051E-09 1.973E-09 1.963E-09 1.734E-09 1.680E-09
 1.675E-09 1.672E-09 1.633E-09 8.931E-10 7.230E-10 7.242E-10 7.270E-10 7.295E-10
 7.327E-10
--------------------------------------------------------------------------------
   20 /EREF=3.000E+03 /NREF=3.000E+12
--------------------------------------------------------------------------------
 1.000E+01 2.000E+01 3.000E+01 4.000E+01 5.000E+01 6.000E+01 7.000E+01 8.000E+01
 8.966E+01 1.000E+02 2.000E+02 3.000E+02 4.000E+02 5.000E+02 6.000E+02 7.000E+02
 8.000E+02 8.966E+02 1.000E+03 2.000E+03
--------------------------------------------------------------------------------
 1.294E-08 7.575E-09 5.243E-09 3.962E-09 3.159E-09 2.614E-09 2.221E-09 1.926E-09
 1.696E-09 1.513E-09 7.078E-10 4.558E-10 3.350E-10 2.638E-10 2.166E-10 1.834E-10
 1.586E-10 1.392E-10 1.237E-10 5.453E-11
--------------------------------------------------------------------------------
C
C
C     ADAS FILE TYPE : 	ADF21
C     SOURCE FILE    :  /home/anderson/adas/adf26/bnl99#he/bnl99#he_c6.dat          
C
C     USER ID	     :  anderson        
C
--------------------------------------------------------------------------------
 
C---------------------------------------------------------------------------------
C ADAS ADF21/bms99#he_slow DATA - SCCS info: @(#)$Header: /u/xshare/Attic/repos/codesys/source/adas/data/adf21/bms99#he_slow/gcrc13/gcrc13#he_c6.dat,v 1.1 2009-07-30 05:41:22 Marina Gorelenkova Exp $ Date $Date: 2009-07-30 05:41:22 $
C---------------------------------------------------------------------------------
