    2 /GCRC3=1.848E-09 /SPEC=HE /DATE=06/01/99 /CODE=ADAS313
--------------------------------------------------------------------------------
   25   25 /TREF=1.000E+02
--------------------------------------------------------------------------------
 5.000E+01 1.000E+02 2.000E+02 3.000E+02 4.000E+02 5.000E+02 6.000E+02 7.000E+02
 8.000E+02 9.000E+02 1.000E+03 2.000E+03 3.000E+03 4.000E+03 5.000E+03 6.000E+03
 7.000E+03 8.000E+03 9.000E+03 1.000E+04 1.100E+04 1.200E+04 1.300E+04 1.400E+04
 1.500E+04
 1.000E+11 2.000E+11 3.000E+11 4.000E+11 5.000E+11 6.000E+11 7.000E+11 8.000E+11
 9.000E+11 1.000E+12 2.000E+12 3.000E+12 4.000E+12 5.000E+12 6.000E+12 7.000E+12
 8.000E+12 9.000E+12 1.000E+13 2.000E+13 3.000E+13 4.000E+13 5.000E+13 6.000E+13
 7.000E+13
--------------------------------------------------------------------------------
 2.707E-09 2.707E-09 2.707E-09 2.706E-09 2.705E-09 2.705E-09 2.704E-09 2.703E-09
 2.703E-09 2.702E-09 2.701E-09 2.632E-09 2.574E-09 2.575E-09 2.574E-09 2.575E-09
 2.578E-09 2.581E-09 2.584E-09 2.586E-09 2.587E-09 2.589E-09 2.590E-09 2.590E-09
 2.591E-09
 2.682E-09 2.682E-09 2.680E-09 2.678E-09 2.677E-09 2.675E-09 2.673E-09 2.671E-09
 2.669E-09 2.667E-09 2.665E-09 2.543E-09 2.449E-09 2.448E-09 2.444E-09 2.443E-09
 2.447E-09 2.450E-09 2.453E-09 2.454E-09 2.455E-09 2.456E-09 2.456E-09 2.456E-09
 2.457E-09
 2.657E-09 2.656E-09 2.653E-09 2.650E-09 2.647E-09 2.645E-09 2.642E-09 2.639E-09
 2.636E-09 2.633E-09 2.629E-09 2.468E-09 2.348E-09 2.346E-09 2.340E-09 2.336E-09
 2.340E-09 2.343E-09 2.345E-09 2.345E-09 2.346E-09 2.346E-09 2.346E-09 2.346E-09
 2.345E-09
 2.634E-09 2.632E-09 2.628E-09 2.624E-09 2.621E-09 2.617E-09 2.613E-09 2.609E-09
 2.605E-09 2.601E-09 2.597E-09 2.405E-09 2.268E-09 2.264E-09 2.255E-09 2.250E-09
 2.254E-09 2.257E-09 2.258E-09 2.257E-09 2.256E-09 2.256E-09 2.256E-09 2.255E-09
 2.254E-09
 2.613E-09 2.610E-09 2.606E-09 2.601E-09 2.596E-09 2.592E-09 2.587E-09 2.583E-09
 2.578E-09 2.573E-09 2.567E-09 2.353E-09 2.202E-09 2.197E-09 2.186E-09 2.179E-09
 2.183E-09 2.185E-09 2.186E-09 2.184E-09 2.182E-09 2.182E-09 2.181E-09 2.180E-09
 2.180E-09
 2.594E-09 2.591E-09 2.586E-09 2.581E-09 2.575E-09 2.570E-09 2.565E-09 2.559E-09
 2.554E-09 2.548E-09 2.542E-09 2.308E-09 2.148E-09 2.142E-09 2.129E-09 2.121E-09
 2.124E-09 2.126E-09 2.127E-09 2.123E-09 2.121E-09 2.120E-09 2.119E-09 2.118E-09
 2.117E-09
 2.578E-09 2.575E-09 2.569E-09 2.563E-09 2.557E-09 2.551E-09 2.545E-09 2.539E-09
 2.533E-09 2.526E-09 2.519E-09 2.270E-09 2.103E-09 2.096E-09 2.081E-09 2.071E-09
 2.074E-09 2.077E-09 2.077E-09 2.072E-09 2.068E-09 2.067E-09 2.066E-09 2.065E-09
 2.064E-09
 2.564E-09 2.560E-09 2.554E-09 2.547E-09 2.540E-09 2.534E-09 2.527E-09 2.521E-09
 2.514E-09 2.507E-09 2.500E-09 2.238E-09 2.064E-09 2.057E-09 2.041E-09 2.030E-09
 2.033E-09 2.035E-09 2.035E-09 2.028E-09 2.023E-09 2.022E-09 2.021E-09 2.020E-09
 2.019E-09
 2.552E-09 2.548E-09 2.540E-09 2.533E-09 2.526E-09 2.519E-09 2.512E-09 2.505E-09
 2.498E-09 2.490E-09 2.482E-09 2.210E-09 2.032E-09 2.024E-09 2.007E-09 1.994E-09
 1.997E-09 1.999E-09 1.998E-09 1.991E-09 1.985E-09 1.983E-09 1.982E-09 1.981E-09
 1.979E-09
 2.541E-09 2.537E-09 2.529E-09 2.521E-09 2.513E-09 2.506E-09 2.498E-09 2.491E-09
 2.484E-09 2.475E-09 2.467E-09 2.186E-09 2.005E-09 1.997E-09 1.977E-09 1.964E-09
 1.966E-09 1.968E-09 1.967E-09 1.958E-09 1.951E-09 1.949E-09 1.948E-09 1.946E-09
 1.945E-09
 2.489E-09 2.483E-09 2.471E-09 2.460E-09 2.449E-09 2.439E-09 2.428E-09 2.418E-09
 2.408E-09 2.397E-09 2.386E-09 2.064E-09 1.873E-09 1.862E-09 1.831E-09 1.809E-09
 1.811E-09 1.813E-09 1.807E-09 1.778E-09 1.757E-09 1.753E-09 1.753E-09 1.751E-09
 1.751E-09
 2.484E-09 2.477E-09 2.463E-09 2.451E-09 2.438E-09 2.426E-09 2.415E-09 2.403E-09
 2.392E-09 2.380E-09 2.368E-09 2.036E-09 1.848E-09 1.837E-09 1.795E-09 1.767E-09
 1.768E-09 1.770E-09 1.760E-09 1.708E-09 1.671E-09 1.666E-09 1.665E-09 1.665E-09
 1.665E-09
 2.495E-09 2.488E-09 2.473E-09 2.459E-09 2.446E-09 2.433E-09 2.421E-09 2.409E-09
 2.397E-09 2.384E-09 2.371E-09 2.040E-09 1.858E-09 1.847E-09 1.794E-09 1.760E-09
 1.761E-09 1.762E-09 1.746E-09 1.671E-09 1.621E-09 1.613E-09 1.613E-09 1.613E-09
 1.613E-09
 2.512E-09 2.504E-09 2.489E-09 2.474E-09 2.461E-09 2.447E-09 2.434E-09 2.422E-09
 2.409E-09 2.397E-09 2.384E-09 2.055E-09 1.880E-09 1.868E-09 1.805E-09 1.766E-09
 1.766E-09 1.767E-09 1.745E-09 1.648E-09 1.585E-09 1.576E-09 1.576E-09 1.576E-09
 1.577E-09
 2.529E-09 2.521E-09 2.505E-09 2.491E-09 2.477E-09 2.463E-09 2.450E-09 2.437E-09
 2.424E-09 2.411E-09 2.398E-09 2.075E-09 1.905E-09 1.892E-09 1.820E-09 1.776E-09
 1.775E-09 1.776E-09 1.749E-09 1.631E-09 1.558E-09 1.548E-09 1.547E-09 1.548E-09
 1.548E-09
 2.545E-09 2.537E-09 2.521E-09 2.506E-09 2.492E-09 2.478E-09 2.465E-09 2.452E-09
 2.439E-09 2.426E-09 2.413E-09 2.095E-09 1.930E-09 1.916E-09 1.835E-09 1.787E-09
 1.785E-09 1.786E-09 1.754E-09 1.618E-09 1.535E-09 1.524E-09 1.524E-09 1.524E-09
 1.525E-09
 2.559E-09 2.551E-09 2.535E-09 2.520E-09 2.505E-09 2.492E-09 2.478E-09 2.465E-09
 2.452E-09 2.439E-09 2.426E-09 2.114E-09 1.953E-09 1.938E-09 1.849E-09 1.797E-09
 1.795E-09 1.795E-09 1.759E-09 1.606E-09 1.515E-09 1.503E-09 1.503E-09 1.503E-09
 1.504E-09
 2.571E-09 2.563E-09 2.547E-09 2.532E-09 2.517E-09 2.503E-09 2.490E-09 2.477E-09
 2.464E-09 2.451E-09 2.438E-09 2.131E-09 1.975E-09 1.959E-09 1.862E-09 1.807E-09
 1.805E-09 1.804E-09 1.763E-09 1.596E-09 1.498E-09 1.484E-09 1.484E-09 1.485E-09
 1.486E-09
 2.581E-09 2.572E-09 2.556E-09 2.541E-09 2.527E-09 2.513E-09 2.499E-09 2.486E-09
 2.474E-09 2.461E-09 2.447E-09 2.146E-09 1.994E-09 1.977E-09 1.874E-09 1.816E-09
 1.813E-09 1.811E-09 1.766E-09 1.586E-09 1.482E-09 1.468E-09 1.468E-09 1.468E-09
 1.469E-09
 2.595E-09 2.588E-09 2.573E-09 2.558E-09 2.545E-09 2.532E-09 2.519E-09 2.507E-09
 2.495E-09 2.482E-09 2.470E-09 2.214E-09 2.087E-09 2.062E-09 1.924E-09 1.852E-09
 1.845E-09 1.839E-09 1.768E-09 1.511E-09 1.373E-09 1.355E-09 1.355E-09 1.354E-09
 1.356E-09
 2.550E-09 2.543E-09 2.529E-09 2.516E-09 2.504E-09 2.491E-09 2.480E-09 2.468E-09
 2.457E-09 2.446E-09 2.435E-09 2.210E-09 2.098E-09 2.068E-09 1.922E-09 1.848E-09
 1.838E-09 1.830E-09 1.746E-09 1.456E-09 1.305E-09 1.285E-09 1.285E-09 1.284E-09
 1.285E-09
 2.494E-09 2.488E-09 2.475E-09 2.463E-09 2.452E-09 2.440E-09 2.430E-09 2.419E-09
 2.409E-09 2.398E-09 2.388E-09 2.186E-09 2.084E-09 2.052E-09 1.906E-09 1.833E-09
 1.821E-09 1.812E-09 1.721E-09 1.413E-09 1.255E-09 1.234E-09 1.233E-09 1.233E-09
 1.234E-09
 2.440E-09 2.434E-09 2.423E-09 2.412E-09 2.401E-09 2.390E-09 2.380E-09 2.370E-09
 2.361E-09 2.351E-09 2.341E-09 2.156E-09 2.062E-09 2.030E-09 1.886E-09 1.815E-09
 1.802E-09 1.791E-09 1.696E-09 1.377E-09 1.216E-09 1.194E-09 1.193E-09 1.192E-09
 1.193E-09
 2.391E-09 2.385E-09 2.374E-09 2.364E-09 2.354E-09 2.344E-09 2.334E-09 2.325E-09
 2.316E-09 2.307E-09 2.297E-09 2.126E-09 2.038E-09 2.005E-09 1.865E-09 1.796E-09
 1.783E-09 1.771E-09 1.672E-09 1.346E-09 1.182E-09 1.160E-09 1.159E-09 1.159E-09
 1.159E-09
 2.345E-09 2.340E-09 2.330E-09 2.320E-09 2.310E-09 2.301E-09 2.292E-09 2.283E-09
 2.275E-09 2.266E-09 2.257E-09 2.097E-09 2.014E-09 1.981E-09 1.844E-09 1.777E-09
 1.764E-09 1.751E-09 1.651E-09 1.320E-09 1.154E-09 1.131E-09 1.130E-09 1.129E-09
 1.130E-09
--------------------------------------------------------------------------------
   20 /EREF=3.000E+03 /NREF=3.000E+12
--------------------------------------------------------------------------------
 1.000E+01 2.000E+01 3.000E+01 4.000E+01 5.000E+01 6.000E+01 7.000E+01 8.000E+01
 8.966E+01 1.000E+02 2.000E+02 3.000E+02 4.000E+02 5.000E+02 6.000E+02 7.000E+02
 8.000E+02 8.966E+02 1.000E+03 2.000E+03
--------------------------------------------------------------------------------
 1.394E-08 8.380E-09 5.912E-09 4.537E-09 3.668E-09 3.071E-09 2.638E-09 2.310E-09
 2.054E-09 1.848E-09 9.291E-10 6.310E-10 4.817E-10 3.903E-10 3.282E-10 2.827E-10
 2.477E-10 2.199E-10 1.973E-10 9.058E-11
--------------------------------------------------------------------------------
C
C
C     ADAS FILE TYPE : 	ADF21
C     SOURCE FILE    :  /home/anderson/adas/adf26/bnl99#he/bnl99#he_he2.dat         
C
C     USER ID	     :  anderson        
C
--------------------------------------------------------------------------------
 
C---------------------------------------------------------------------------------
C ADAS ADF21/bms99#he_slow DATA - SCCS info: @(#)$Header: /u/xshare/Attic/repos/codesys/source/adas/data/adf21/bms99#he_slow/gcrc13/gcrc13#he_he2.dat,v 1.1 2009-07-30 05:41:22 Marina Gorelenkova Exp $ Date $Date: 2009-07-30 05:41:22 $
C---------------------------------------------------------------------------------
