    9 /GCRC3=1.391E-09 /SPEC=F  /DATE=06/01/99 /CODE=ADAS313
--------------------------------------------------------------------------------
   25   25 /TREF=1.000E+02
--------------------------------------------------------------------------------
 5.000E+01 1.000E+02 2.000E+02 3.000E+02 4.000E+02 5.000E+02 6.000E+02 7.000E+02
 8.000E+02 9.000E+02 1.000E+03 2.000E+03 3.000E+03 4.000E+03 5.000E+03 6.000E+03
 7.000E+03 8.000E+03 9.000E+03 1.000E+04 1.100E+04 1.200E+04 1.300E+04 1.400E+04
 1.500E+04
 1.000E+11 2.000E+11 3.000E+11 4.000E+11 5.000E+11 6.000E+11 7.000E+11 8.000E+11
 9.000E+11 1.000E+12 2.000E+12 3.000E+12 4.000E+12 5.000E+12 6.000E+12 7.000E+12
 8.000E+12 9.000E+12 1.000E+13 2.000E+13 3.000E+13 4.000E+13 5.000E+13 6.000E+13
 7.000E+13
--------------------------------------------------------------------------------
 2.696E-09 2.695E-09 2.694E-09 2.693E-09 2.692E-09 2.692E-09 2.691E-09 2.690E-09
 2.690E-09 2.689E-09 2.689E-09 2.456E-09 2.239E-09 2.258E-09 2.256E-09 2.262E-09
 2.281E-09 2.299E-09 2.313E-09 2.325E-09 2.336E-09 2.346E-09 2.354E-09 2.362E-09
 2.369E-09
 2.663E-09 2.661E-09 2.659E-09 2.658E-09 2.656E-09 2.655E-09 2.654E-09 2.652E-09
 2.651E-09 2.650E-09 2.649E-09 2.277E-09 1.978E-09 2.002E-09 1.994E-09 1.998E-09
 2.022E-09 2.045E-09 2.064E-09 2.078E-09 2.091E-09 2.104E-09 2.115E-09 2.125E-09
 2.133E-09
 2.633E-09 2.630E-09 2.628E-09 2.625E-09 2.623E-09 2.622E-09 2.620E-09 2.618E-09
 2.616E-09 2.615E-09 2.613E-09 2.150E-09 1.814E-09 1.839E-09 1.824E-09 1.825E-09
 1.852E-09 1.876E-09 1.897E-09 1.909E-09 1.922E-09 1.936E-09 1.948E-09 1.959E-09
 1.968E-09
 2.606E-09 2.603E-09 2.600E-09 2.597E-09 2.595E-09 2.593E-09 2.590E-09 2.588E-09
 2.586E-09 2.584E-09 2.582E-09 2.055E-09 1.702E-09 1.727E-09 1.706E-09 1.704E-09
 1.731E-09 1.756E-09 1.777E-09 1.787E-09 1.798E-09 1.812E-09 1.825E-09 1.836E-09
 1.846E-09
 2.583E-09 2.580E-09 2.576E-09 2.573E-09 2.570E-09 2.568E-09 2.565E-09 2.563E-09
 2.560E-09 2.557E-09 2.555E-09 1.981E-09 1.621E-09 1.646E-09 1.619E-09 1.615E-09
 1.641E-09 1.666E-09 1.688E-09 1.693E-09 1.702E-09 1.717E-09 1.729E-09 1.741E-09
 1.750E-09
 2.563E-09 2.560E-09 2.556E-09 2.552E-09 2.549E-09 2.546E-09 2.544E-09 2.541E-09
 2.538E-09 2.535E-09 2.532E-09 1.923E-09 1.561E-09 1.585E-09 1.553E-09 1.547E-09
 1.573E-09 1.597E-09 1.619E-09 1.620E-09 1.626E-09 1.641E-09 1.653E-09 1.664E-09
 1.674E-09
 2.546E-09 2.542E-09 2.538E-09 2.535E-09 2.531E-09 2.528E-09 2.525E-09 2.522E-09
 2.519E-09 2.515E-09 2.512E-09 1.875E-09 1.515E-09 1.538E-09 1.502E-09 1.493E-09
 1.519E-09 1.543E-09 1.564E-09 1.560E-09 1.564E-09 1.578E-09 1.591E-09 1.602E-09
 1.611E-09
 2.531E-09 2.528E-09 2.523E-09 2.519E-09 2.516E-09 2.512E-09 2.509E-09 2.505E-09
 2.502E-09 2.499E-09 2.495E-09 1.837E-09 1.479E-09 1.502E-09 1.462E-09 1.451E-09
 1.476E-09 1.500E-09 1.521E-09 1.511E-09 1.512E-09 1.526E-09 1.538E-09 1.549E-09
 1.559E-09
 2.518E-09 2.515E-09 2.510E-09 2.506E-09 2.502E-09 2.499E-09 2.495E-09 2.491E-09
 2.488E-09 2.484E-09 2.480E-09 1.805E-09 1.451E-09 1.473E-09 1.430E-09 1.417E-09
 1.442E-09 1.465E-09 1.485E-09 1.470E-09 1.467E-09 1.481E-09 1.494E-09 1.504E-09
 1.514E-09
 2.507E-09 2.504E-09 2.499E-09 2.495E-09 2.491E-09 2.487E-09 2.483E-09 2.479E-09
 2.475E-09 2.472E-09 2.468E-09 1.778E-09 1.429E-09 1.450E-09 1.403E-09 1.389E-09
 1.413E-09 1.436E-09 1.456E-09 1.434E-09 1.429E-09 1.443E-09 1.455E-09 1.465E-09
 1.475E-09
 2.457E-09 2.453E-09 2.447E-09 2.442E-09 2.436E-09 2.431E-09 2.426E-09 2.421E-09
 2.416E-09 2.411E-09 2.406E-09 1.666E-09 1.362E-09 1.379E-09 1.303E-09 1.279E-09
 1.298E-09 1.317E-09 1.333E-09 1.242E-09 1.211E-09 1.223E-09 1.233E-09 1.242E-09
 1.251E-09
 2.454E-09 2.450E-09 2.444E-09 2.438E-09 2.432E-09 2.427E-09 2.421E-09 2.415E-09
 2.409E-09 2.404E-09 2.398E-09 1.662E-09 1.391E-09 1.406E-09 1.305E-09 1.273E-09
 1.290E-09 1.307E-09 1.320E-09 1.158E-09 1.108E-09 1.118E-09 1.128E-09 1.136E-09
 1.143E-09
 2.468E-09 2.464E-09 2.457E-09 2.451E-09 2.445E-09 2.439E-09 2.433E-09 2.427E-09
 2.421E-09 2.415E-09 2.409E-09 1.687E-09 1.443E-09 1.456E-09 1.331E-09 1.294E-09
 1.308E-09 1.323E-09 1.335E-09 1.108E-09 1.044E-09 1.053E-09 1.062E-09 1.069E-09
 1.076E-09
 2.486E-09 2.482E-09 2.476E-09 2.469E-09 2.463E-09 2.457E-09 2.451E-09 2.444E-09
 2.438E-09 2.432E-09 2.425E-09 1.722E-09 1.498E-09 1.509E-09 1.363E-09 1.321E-09
 1.334E-09 1.347E-09 1.358E-09 1.072E-09 9.980E-10 1.007E-09 1.015E-09 1.022E-09
 1.028E-09
 2.505E-09 2.501E-09 2.495E-09 2.488E-09 2.482E-09 2.476E-09 2.469E-09 2.463E-09
 2.456E-09 2.450E-09 2.444E-09 1.759E-09 1.550E-09 1.561E-09 1.395E-09 1.349E-09
 1.361E-09 1.373E-09 1.382E-09 1.046E-09 9.631E-10 9.713E-10 9.787E-10 9.853E-10
 9.916E-10
 2.523E-09 2.519E-09 2.512E-09 2.506E-09 2.499E-09 2.493E-09 2.486E-09 2.480E-09
 2.474E-09 2.467E-09 2.461E-09 1.795E-09 1.599E-09 1.608E-09 1.424E-09 1.376E-09
 1.386E-09 1.398E-09 1.405E-09 1.024E-09 9.351E-10 9.429E-10 9.499E-10 9.561E-10
 9.621E-10
 2.538E-09 2.534E-09 2.527E-09 2.521E-09 2.515E-09 2.508E-09 2.502E-09 2.495E-09
 2.489E-09 2.482E-09 2.476E-09 1.828E-09 1.643E-09 1.651E-09 1.451E-09 1.400E-09
 1.410E-09 1.421E-09 1.427E-09 1.006E-09 9.119E-10 9.193E-10 9.259E-10 9.318E-10
 9.377E-10
 2.551E-09 2.547E-09 2.540E-09 2.534E-09 2.528E-09 2.521E-09 2.515E-09 2.508E-09
 2.502E-09 2.495E-09 2.489E-09 1.858E-09 1.682E-09 1.689E-09 1.476E-09 1.423E-09
 1.432E-09 1.441E-09 1.447E-09 9.910E-10 8.922E-10 8.992E-10 9.055E-10 9.112E-10
 9.169E-10
 2.562E-09 2.558E-09 2.551E-09 2.545E-09 2.538E-09 2.532E-09 2.526E-09 2.519E-09
 2.513E-09 2.506E-09 2.500E-09 1.885E-09 1.717E-09 1.723E-09 1.497E-09 1.443E-09
 1.451E-09 1.460E-09 1.465E-09 9.776E-10 8.750E-10 8.817E-10 8.879E-10 8.933E-10
 8.988E-10
 2.582E-09 2.579E-09 2.573E-09 2.567E-09 2.562E-09 2.556E-09 2.550E-09 2.544E-09
 2.538E-09 2.532E-09 2.526E-09 2.031E-09 1.909E-09 1.909E-09 1.624E-09 1.566E-09
 1.569E-09 1.574E-09 1.572E-09 8.944E-10 7.715E-10 7.765E-10 7.812E-10 7.854E-10
 7.898E-10
 2.540E-09 2.537E-09 2.532E-09 2.527E-09 2.521E-09 2.516E-09 2.511E-09 2.505E-09
 2.500E-09 2.494E-09 2.489E-09 2.069E-09 1.968E-09 1.965E-09 1.671E-09 1.616E-09
 1.617E-09 1.619E-09 1.614E-09 8.472E-10 7.152E-10 7.194E-10 7.234E-10 7.270E-10
 7.308E-10
 2.486E-09 2.484E-09 2.479E-09 2.474E-09 2.469E-09 2.464E-09 2.459E-09 2.454E-09
 2.449E-09 2.444E-09 2.439E-09 2.071E-09 1.984E-09 1.979E-09 1.691E-09 1.639E-09
 1.639E-09 1.639E-09 1.631E-09 8.131E-10 6.755E-10 6.792E-10 6.827E-10 6.859E-10
 6.894E-10
 2.434E-09 2.431E-09 2.427E-09 2.422E-09 2.418E-09 2.413E-09 2.409E-09 2.404E-09
 2.400E-09 2.395E-09 2.390E-09 2.061E-09 1.982E-09 1.976E-09 1.697E-09 1.649E-09
 1.647E-09 1.647E-09 1.637E-09 7.856E-10 6.441E-10 6.475E-10 6.507E-10 6.536E-10
 6.569E-10
 2.385E-09 2.383E-09 2.379E-09 2.374E-09 2.370E-09 2.366E-09 2.362E-09 2.357E-09
 2.353E-09 2.349E-09 2.344E-09 2.044E-09 1.972E-09 1.966E-09 1.698E-09 1.652E-09
 1.650E-09 1.648E-09 1.638E-09 7.622E-10 6.179E-10 6.210E-10 6.239E-10 6.266E-10
 6.298E-10
 2.340E-09 2.338E-09 2.334E-09 2.330E-09 2.327E-09 2.323E-09 2.319E-09 2.315E-09
 2.310E-09 2.306E-09 2.302E-09 2.026E-09 1.959E-09 1.952E-09 1.694E-09 1.651E-09
 1.648E-09 1.646E-09 1.634E-09 7.416E-10 5.952E-10 5.980E-10 6.008E-10 6.033E-10
 6.063E-10
--------------------------------------------------------------------------------
   20 /EREF=3.000E+03 /NREF=3.000E+12
--------------------------------------------------------------------------------
 1.000E+01 2.000E+01 3.000E+01 4.000E+01 5.000E+01 6.000E+01 7.000E+01 8.000E+01
 8.966E+01 1.000E+02 2.000E+02 3.000E+02 4.000E+02 5.000E+02 6.000E+02 7.000E+02
 8.000E+02 8.966E+02 1.000E+03 2.000E+03
--------------------------------------------------------------------------------
 1.255E-08 7.259E-09 4.984E-09 3.743E-09 2.968E-09 2.444E-09 2.067E-09 1.785E-09
 1.566E-09 1.391E-09 6.314E-10 3.972E-10 2.864E-10 2.222E-10 1.804E-10 1.510E-10
 1.293E-10 1.126E-10 9.939E-11 4.260E-11
--------------------------------------------------------------------------------
C
C
C     ADAS FILE TYPE : 	ADF21
C     SOURCE FILE    :  /home/anderson/adas/adf26/bnl99#he/bnl99#he_f9.dat          
C
C     USER ID	     :  anderson        
C
--------------------------------------------------------------------------------
 
C---------------------------------------------------------------------------------
C ADAS ADF21/bms99#he_slow DATA - SCCS info: @(#)$Header: /u/xshare/Attic/repos/codesys/source/adas/data/adf21/bms99#he_slow/gcrc13/gcrc13#he_f9.dat,v 1.1 2009-07-30 05:41:22 Marina Gorelenkova Exp $ Date $Date: 2009-07-30 05:41:22 $
C---------------------------------------------------------------------------------
