    1 /SCREF=9.935E-08 /SPEC=H  /DATE=11/12/08 /CODE=ADAS312
--------------------------------------------------------------------------------
   24   25 /TREF=5.000E+03
--------------------------------------------------------------------------------
 1.000E+03 6.390E+03 1.180E+04 1.720E+04 2.260E+04 2.800E+04 3.330E+04 3.870E+04
 4.410E+04 4.950E+04 5.490E+04 6.030E+04 6.570E+04 7.110E+04 7.650E+04 8.190E+04
 8.730E+04 9.270E+04 9.800E+04 1.030E+05 1.090E+05 1.140E+05 1.200E+05 1.250E+05
 1.000E+12 2.000E+12 3.000E+12 5.000E+12 6.000E+12 7.000E+12 8.000E+12 9.000E+12
 1.000E+13 2.000E+13 3.000E+13 5.000E+13 6.000E+13 7.000E+13 8.000E+13 9.000E+13
 1.000E+14 2.000E+14 3.000E+14 5.000E+14 6.000E+14 7.000E+14 8.000E+14 9.000E+14
 1.000E+15
--------------------------------------------------------------------------------
 1.141E-07 1.157E-07 1.142E-07 1.113E-07 1.077E-07 1.038E-07 9.991E-08 9.606E-08
 9.237E-08 8.901E-08 8.588E-08 8.304E-08 8.054E-08 7.830E-08 7.630E-08 7.453E-08
 7.297E-08 7.157E-08 7.035E-08 6.931E-08 6.819E-08 6.734E-08 6.641E-08 6.570E-08
 1.146E-07 1.164E-07 1.150E-07 1.122E-07 1.087E-07 1.049E-07 1.011E-07 9.731E-08
 9.364E-08 9.030E-08 8.719E-08 8.435E-08 8.185E-08 7.960E-08 7.760E-08 7.582E-08
 7.425E-08 7.285E-08 7.161E-08 7.057E-08 6.943E-08 6.857E-08 6.763E-08 6.692E-08
 1.150E-07 1.169E-07 1.156E-07 1.129E-07 1.095E-07 1.057E-07 1.020E-07 9.819E-08
 9.454E-08 9.122E-08 8.812E-08 8.528E-08 8.279E-08 8.054E-08 7.853E-08 7.676E-08
 7.518E-08 7.377E-08 7.253E-08 7.148E-08 7.034E-08 6.948E-08 6.853E-08 6.781E-08
 1.156E-07 1.176E-07 1.164E-07 1.139E-07 1.106E-07 1.069E-07 1.032E-07 9.950E-08
 9.589E-08 9.260E-08 8.951E-08 8.669E-08 8.420E-08 8.196E-08 7.995E-08 7.817E-08
 7.659E-08 7.517E-08 7.393E-08 7.287E-08 7.172E-08 7.085E-08 6.989E-08 6.917E-08
 1.158E-07 1.179E-07 1.168E-07 1.143E-07 1.110E-07 1.074E-07 1.037E-07 1.000E-07
 9.644E-08 9.316E-08 9.008E-08 8.727E-08 8.478E-08 8.254E-08 8.053E-08 7.875E-08
 7.716E-08 7.575E-08 7.450E-08 7.344E-08 7.229E-08 7.141E-08 7.045E-08 6.973E-08
 1.160E-07 1.182E-07 1.171E-07 1.146E-07 1.114E-07 1.078E-07 1.042E-07 1.005E-07
 9.694E-08 9.367E-08 9.060E-08 8.778E-08 8.530E-08 8.306E-08 8.105E-08 7.927E-08
 7.768E-08 7.627E-08 7.502E-08 7.396E-08 7.280E-08 7.193E-08 7.096E-08 7.023E-08
 1.162E-07 1.184E-07 1.174E-07 1.150E-07 1.118E-07 1.082E-07 1.046E-07 1.009E-07
 9.739E-08 9.413E-08 9.107E-08 8.826E-08 8.577E-08 8.354E-08 8.153E-08 7.975E-08
 7.816E-08 7.675E-08 7.550E-08 7.443E-08 7.327E-08 7.240E-08 7.143E-08 7.070E-08
 1.163E-07 1.186E-07 1.176E-07 1.153E-07 1.121E-07 1.086E-07 1.050E-07 1.014E-07
 9.781E-08 9.456E-08 9.150E-08 8.870E-08 8.622E-08 8.398E-08 8.198E-08 8.019E-08
 7.861E-08 7.719E-08 7.594E-08 7.487E-08 7.371E-08 7.283E-08 7.187E-08 7.113E-08
 1.165E-07 1.188E-07 1.179E-07 1.155E-07 1.124E-07 1.089E-07 1.053E-07 1.017E-07
 9.820E-08 9.495E-08 9.191E-08 8.911E-08 8.663E-08 8.440E-08 8.239E-08 8.061E-08
 7.902E-08 7.760E-08 7.635E-08 7.528E-08 7.412E-08 7.324E-08 7.227E-08 7.154E-08
 1.177E-07 1.203E-07 1.197E-07 1.176E-07 1.148E-07 1.115E-07 1.080E-07 1.046E-07
 1.011E-07 9.799E-08 9.500E-08 9.225E-08 8.980E-08 8.759E-08 8.560E-08 8.382E-08
 8.224E-08 8.082E-08 7.956E-08 7.849E-08 7.732E-08 7.643E-08 7.545E-08 7.470E-08
 1.185E-07 1.214E-07 1.209E-07 1.191E-07 1.164E-07 1.132E-07 1.100E-07 1.066E-07
 1.032E-07 1.002E-07 9.722E-08 9.450E-08 9.208E-08 8.989E-08 8.791E-08 8.615E-08
 8.457E-08 8.315E-08 8.189E-08 8.082E-08 7.964E-08 7.875E-08 7.776E-08 7.701E-08
 1.197E-07 1.229E-07 1.228E-07 1.213E-07 1.189E-07 1.160E-07 1.129E-07 1.097E-07
 1.064E-07 1.034E-07 1.006E-07 9.793E-08 9.555E-08 9.340E-08 9.144E-08 8.969E-08
 8.812E-08 8.670E-08 8.545E-08 8.437E-08 8.319E-08 8.229E-08 8.130E-08 8.054E-08
 1.202E-07 1.236E-07 1.236E-07 1.222E-07 1.199E-07 1.171E-07 1.141E-07 1.109E-07
 1.078E-07 1.048E-07 1.020E-07 9.935E-08 9.699E-08 9.484E-08 9.290E-08 9.115E-08
 8.959E-08 8.818E-08 8.692E-08 8.585E-08 8.466E-08 8.376E-08 8.276E-08 8.200E-08
 1.207E-07 1.242E-07 1.243E-07 1.230E-07 1.208E-07 1.181E-07 1.152E-07 1.121E-07
 1.090E-07 1.060E-07 1.032E-07 1.006E-07 9.829E-08 9.616E-08 9.423E-08 9.249E-08
 9.093E-08 8.952E-08 8.827E-08 8.719E-08 8.601E-08 8.510E-08 8.410E-08 8.333E-08
 1.211E-07 1.247E-07 1.250E-07 1.238E-07 1.217E-07 1.190E-07 1.161E-07 1.131E-07
 1.101E-07 1.072E-07 1.044E-07 1.018E-07 9.950E-08 9.738E-08 9.545E-08 9.372E-08
 9.216E-08 9.076E-08 8.951E-08 8.843E-08 8.724E-08 8.634E-08 8.534E-08 8.457E-08
 1.216E-07 1.252E-07 1.256E-07 1.245E-07 1.224E-07 1.199E-07 1.171E-07 1.141E-07
 1.111E-07 1.082E-07 1.055E-07 1.029E-07 1.006E-07 9.851E-08 9.659E-08 9.487E-08
 9.331E-08 9.191E-08 9.066E-08 8.959E-08 8.840E-08 8.750E-08 8.649E-08 8.572E-08
 1.219E-07 1.257E-07 1.262E-07 1.251E-07 1.232E-07 1.207E-07 1.179E-07 1.150E-07
 1.120E-07 1.092E-07 1.065E-07 1.040E-07 1.017E-07 9.957E-08 9.766E-08 9.594E-08
 9.439E-08 9.299E-08 9.175E-08 9.067E-08 8.948E-08 8.858E-08 8.757E-08 8.680E-08
 1.248E-07 1.292E-07 1.303E-07 1.299E-07 1.285E-07 1.265E-07 1.242E-07 1.217E-07
 1.190E-07 1.165E-07 1.140E-07 1.117E-07 1.095E-07 1.076E-07 1.057E-07 1.041E-07
 1.026E-07 1.012E-07 1.000E-07 9.896E-08 9.778E-08 9.688E-08 9.587E-08 9.509E-08
 1.267E-07 1.315E-07 1.329E-07 1.328E-07 1.317E-07 1.301E-07 1.281E-07 1.258E-07
 1.235E-07 1.212E-07 1.189E-07 1.167E-07 1.146E-07 1.128E-07 1.111E-07 1.095E-07
 1.080E-07 1.067E-07 1.055E-07 1.045E-07 1.034E-07 1.025E-07 1.015E-07 1.007E-07
 1.292E-07 1.342E-07 1.360E-07 1.362E-07 1.356E-07 1.343E-07 1.327E-07 1.308E-07
 1.288E-07 1.268E-07 1.248E-07 1.228E-07 1.210E-07 1.193E-07 1.177E-07 1.163E-07
 1.150E-07 1.137E-07 1.126E-07 1.116E-07 1.105E-07 1.097E-07 1.087E-07 1.080E-07
 1.300E-07 1.351E-07 1.370E-07 1.374E-07 1.368E-07 1.357E-07 1.342E-07 1.325E-07
 1.306E-07 1.287E-07 1.267E-07 1.249E-07 1.231E-07 1.215E-07 1.200E-07 1.186E-07
 1.173E-07 1.161E-07 1.150E-07 1.141E-07 1.130E-07 1.122E-07 1.112E-07 1.105E-07
 1.307E-07 1.359E-07 1.377E-07 1.382E-07 1.378E-07 1.368E-07 1.354E-07 1.338E-07
 1.319E-07 1.301E-07 1.283E-07 1.265E-07 1.248E-07 1.233E-07 1.218E-07 1.204E-07
 1.192E-07 1.180E-07 1.170E-07 1.161E-07 1.150E-07 1.142E-07 1.133E-07 1.125E-07
 1.313E-07 1.364E-07 1.384E-07 1.389E-07 1.386E-07 1.376E-07 1.363E-07 1.348E-07
 1.331E-07 1.313E-07 1.296E-07 1.278E-07 1.262E-07 1.247E-07 1.233E-07 1.220E-07
 1.207E-07 1.196E-07 1.186E-07 1.177E-07 1.167E-07 1.159E-07 1.149E-07 1.142E-07
 1.317E-07 1.369E-07 1.389E-07 1.395E-07 1.392E-07 1.384E-07 1.371E-07 1.357E-07
 1.340E-07 1.323E-07 1.306E-07 1.289E-07 1.274E-07 1.259E-07 1.245E-07 1.232E-07
 1.220E-07 1.209E-07 1.199E-07 1.191E-07 1.180E-07 1.173E-07 1.164E-07 1.157E-07
 1.321E-07 1.373E-07 1.393E-07 1.400E-07 1.397E-07 1.390E-07 1.378E-07 1.364E-07
 1.348E-07 1.332E-07 1.315E-07 1.299E-07 1.284E-07 1.269E-07 1.256E-07 1.243E-07
 1.232E-07 1.221E-07 1.211E-07 1.202E-07 1.192E-07 1.185E-07 1.176E-07 1.169E-07
--------------------------------------------------------------------------------
   20 /EREF=6.030E+04 /NREF=6.000E+13
--------------------------------------------------------------------------------
 1.000E+02 2.000E+02 3.000E+02 5.000E+02 6.000E+02 7.000E+02 8.000E+02 8.966E+02
 1.000E+03 2.000E+03 3.000E+03 5.000E+03 6.000E+03 7.000E+03 8.000E+03 8.966E+03
 1.000E+04 2.000E+04 3.000E+04 5.000E+04
--------------------------------------------------------------------------------
 1.293E-07 1.284E-07 1.257E-07 1.211E-07 1.193E-07 1.177E-07 1.163E-07 1.151E-07
 1.140E-07 1.072E-07 1.036E-07 9.935E-08 9.790E-08 9.670E-08 9.564E-08 9.471E-08
 9.382E-08 8.786E-08 8.386E-08 7.819E-08
--------------------------------------------------------------------------------
C
C
C  ADAS file type : adf21
C  Source file    : tab#h_h1_new.dat
C
C
C
C  CODE     : ADAS312
C  PRODUCER : Martin O'Mullane              
C  DATE     : 11/12/08
C
C-------------------------------------------------------------------------------
