    3 /GCRC6=1.328E-11 /SPEC=LI /DATE=05/01/99 /CODE=ADAS313
--------------------------------------------------------------------------------
   25   25 /TREF=2.000E+03
--------------------------------------------------------------------------------
 1.000E+04 1.300E+04 1.500E+04 1.800E+04 2.000E+04 2.300E+04 2.500E+04 2.800E+04
 3.000E+04 3.300E+04 3.500E+04 3.800E+04 4.000E+04 4.300E+04 4.500E+04 4.800E+04
 5.000E+04 5.300E+04 5.500E+04 5.800E+04 6.000E+04 6.300E+04 6.500E+04 6.800E+04
 7.000E+04
 1.000E+12 2.000E+12 3.000E+12 5.000E+12 6.000E+12 7.000E+12 8.000E+12 9.000E+12
 1.000E+13 2.000E+13 3.000E+13 5.000E+13 6.000E+13 7.000E+13 8.000E+13 9.000E+13
 1.000E+14 2.000E+14 3.000E+14 5.000E+14 6.000E+14 7.000E+14 8.000E+14 9.000E+14
 1.000E+15
--------------------------------------------------------------------------------
 1.331E-11 1.338E-11 1.342E-11 1.347E-11 1.350E-11 1.354E-11 1.356E-11 1.359E-11
 1.361E-11 1.364E-11 1.365E-11 1.367E-11 1.369E-11 1.371E-11 1.372E-11 1.374E-11
 1.375E-11 1.377E-11 1.378E-11 1.380E-11 1.381E-11 1.382E-11 1.383E-11 1.385E-11
 1.386E-11
 1.328E-11 1.333E-11 1.336E-11 1.339E-11 1.342E-11 1.345E-11 1.347E-11 1.350E-11
 1.351E-11 1.354E-11 1.356E-11 1.358E-11 1.360E-11 1.362E-11 1.363E-11 1.365E-11
 1.367E-11 1.369E-11 1.370E-11 1.372E-11 1.373E-11 1.375E-11 1.376E-11 1.377E-11
 1.378E-11
 1.325E-11 1.327E-11 1.330E-11 1.333E-11 1.335E-11 1.338E-11 1.340E-11 1.343E-11
 1.345E-11 1.348E-11 1.349E-11 1.352E-11 1.353E-11 1.356E-11 1.357E-11 1.360E-11
 1.361E-11 1.363E-11 1.365E-11 1.367E-11 1.368E-11 1.370E-11 1.371E-11 1.373E-11
 1.374E-11
 1.320E-11 1.320E-11 1.322E-11 1.325E-11 1.327E-11 1.331E-11 1.333E-11 1.336E-11
 1.338E-11 1.341E-11 1.342E-11 1.345E-11 1.347E-11 1.350E-11 1.352E-11 1.354E-11
 1.356E-11 1.358E-11 1.360E-11 1.362E-11 1.364E-11 1.366E-11 1.367E-11 1.369E-11
 1.370E-11
 1.319E-11 1.318E-11 1.319E-11 1.323E-11 1.325E-11 1.328E-11 1.330E-11 1.333E-11
 1.335E-11 1.338E-11 1.340E-11 1.343E-11 1.345E-11 1.348E-11 1.350E-11 1.353E-11
 1.354E-11 1.357E-11 1.358E-11 1.361E-11 1.362E-11 1.365E-11 1.366E-11 1.368E-11
 1.370E-11
 1.318E-11 1.316E-11 1.317E-11 1.320E-11 1.323E-11 1.326E-11 1.328E-11 1.332E-11
 1.334E-11 1.337E-11 1.339E-11 1.342E-11 1.344E-11 1.347E-11 1.349E-11 1.351E-11
 1.353E-11 1.356E-11 1.358E-11 1.360E-11 1.362E-11 1.364E-11 1.365E-11 1.367E-11
 1.369E-11
 1.317E-11 1.314E-11 1.315E-11 1.319E-11 1.321E-11 1.325E-11 1.327E-11 1.330E-11
 1.332E-11 1.336E-11 1.338E-11 1.341E-11 1.343E-11 1.346E-11 1.348E-11 1.351E-11
 1.352E-11 1.355E-11 1.357E-11 1.359E-11 1.361E-11 1.363E-11 1.365E-11 1.367E-11
 1.368E-11
 1.316E-11 1.313E-11 1.314E-11 1.317E-11 1.320E-11 1.323E-11 1.326E-11 1.329E-11
 1.331E-11 1.335E-11 1.337E-11 1.340E-11 1.342E-11 1.345E-11 1.347E-11 1.350E-11
 1.352E-11 1.354E-11 1.356E-11 1.359E-11 1.360E-11 1.363E-11 1.364E-11 1.367E-11
 1.368E-11
 1.315E-11 1.311E-11 1.313E-11 1.316E-11 1.318E-11 1.322E-11 1.325E-11 1.328E-11
 1.330E-11 1.334E-11 1.336E-11 1.339E-11 1.341E-11 1.344E-11 1.346E-11 1.349E-11
 1.351E-11 1.354E-11 1.356E-11 1.358E-11 1.360E-11 1.362E-11 1.364E-11 1.366E-11
 1.368E-11
 1.312E-11 1.305E-11 1.306E-11 1.309E-11 1.312E-11 1.316E-11 1.319E-11 1.323E-11
 1.326E-11 1.329E-11 1.332E-11 1.335E-11 1.338E-11 1.341E-11 1.343E-11 1.346E-11
 1.349E-11 1.352E-11 1.353E-11 1.356E-11 1.358E-11 1.361E-11 1.362E-11 1.365E-11
 1.366E-11
 1.312E-11 1.302E-11 1.303E-11 1.307E-11 1.310E-11 1.314E-11 1.317E-11 1.321E-11
 1.324E-11 1.328E-11 1.331E-11 1.334E-11 1.337E-11 1.340E-11 1.343E-11 1.346E-11
 1.348E-11 1.351E-11 1.353E-11 1.356E-11 1.358E-11 1.360E-11 1.362E-11 1.365E-11
 1.366E-11
 1.312E-11 1.301E-11 1.301E-11 1.306E-11 1.309E-11 1.314E-11 1.317E-11 1.321E-11
 1.324E-11 1.328E-11 1.331E-11 1.335E-11 1.337E-11 1.341E-11 1.343E-11 1.347E-11
 1.349E-11 1.352E-11 1.354E-11 1.357E-11 1.359E-11 1.362E-11 1.364E-11 1.366E-11
 1.368E-11
 1.313E-11 1.301E-11 1.301E-11 1.306E-11 1.309E-11 1.314E-11 1.317E-11 1.322E-11
 1.324E-11 1.329E-11 1.331E-11 1.335E-11 1.338E-11 1.342E-11 1.344E-11 1.348E-11
 1.350E-11 1.353E-11 1.355E-11 1.358E-11 1.360E-11 1.363E-11 1.365E-11 1.367E-11
 1.369E-11
 1.314E-11 1.301E-11 1.302E-11 1.306E-11 1.309E-11 1.314E-11 1.317E-11 1.322E-11
 1.325E-11 1.329E-11 1.332E-11 1.336E-11 1.339E-11 1.343E-11 1.345E-11 1.349E-11
 1.351E-11 1.354E-11 1.356E-11 1.359E-11 1.361E-11 1.364E-11 1.366E-11 1.368E-11
 1.370E-11
 1.315E-11 1.301E-11 1.302E-11 1.306E-11 1.310E-11 1.315E-11 1.318E-11 1.323E-11
 1.326E-11 1.330E-11 1.333E-11 1.337E-11 1.340E-11 1.344E-11 1.346E-11 1.350E-11
 1.352E-11 1.355E-11 1.357E-11 1.360E-11 1.362E-11 1.365E-11 1.367E-11 1.370E-11
 1.371E-11
 1.316E-11 1.302E-11 1.303E-11 1.307E-11 1.310E-11 1.316E-11 1.319E-11 1.324E-11
 1.327E-11 1.331E-11 1.334E-11 1.338E-11 1.341E-11 1.345E-11 1.347E-11 1.351E-11
 1.353E-11 1.356E-11 1.358E-11 1.361E-11 1.363E-11 1.366E-11 1.368E-11 1.371E-11
 1.373E-11
 1.317E-11 1.303E-11 1.303E-11 1.308E-11 1.311E-11 1.316E-11 1.320E-11 1.324E-11
 1.328E-11 1.332E-11 1.335E-11 1.339E-11 1.342E-11 1.346E-11 1.348E-11 1.352E-11
 1.354E-11 1.357E-11 1.360E-11 1.363E-11 1.365E-11 1.367E-11 1.369E-11 1.372E-11
 1.374E-11
 1.329E-11 1.310E-11 1.310E-11 1.315E-11 1.319E-11 1.324E-11 1.328E-11 1.333E-11
 1.337E-11 1.341E-11 1.344E-11 1.349E-11 1.352E-11 1.356E-11 1.358E-11 1.362E-11
 1.365E-11 1.368E-11 1.370E-11 1.374E-11 1.376E-11 1.379E-11 1.381E-11 1.383E-11
 1.385E-11
 1.340E-11 1.318E-11 1.317E-11 1.322E-11 1.326E-11 1.332E-11 1.336E-11 1.341E-11
 1.345E-11 1.350E-11 1.353E-11 1.358E-11 1.360E-11 1.365E-11 1.367E-11 1.371E-11
 1.374E-11 1.377E-11 1.380E-11 1.383E-11 1.385E-11 1.388E-11 1.390E-11 1.393E-11
 1.395E-11
 1.359E-11 1.330E-11 1.329E-11 1.334E-11 1.338E-11 1.344E-11 1.348E-11 1.354E-11
 1.358E-11 1.363E-11 1.366E-11 1.371E-11 1.374E-11 1.379E-11 1.381E-11 1.386E-11
 1.388E-11 1.392E-11 1.394E-11 1.398E-11 1.400E-11 1.403E-11 1.405E-11 1.408E-11
 1.410E-11
 1.367E-11 1.334E-11 1.333E-11 1.338E-11 1.342E-11 1.349E-11 1.353E-11 1.359E-11
 1.363E-11 1.368E-11 1.372E-11 1.377E-11 1.380E-11 1.384E-11 1.387E-11 1.391E-11
 1.394E-11 1.398E-11 1.400E-11 1.403E-11 1.406E-11 1.409E-11 1.411E-11 1.414E-11
 1.416E-11
 1.374E-11 1.338E-11 1.337E-11 1.342E-11 1.347E-11 1.353E-11 1.358E-11 1.364E-11
 1.367E-11 1.373E-11 1.376E-11 1.381E-11 1.385E-11 1.389E-11 1.392E-11 1.396E-11
 1.399E-11 1.403E-11 1.405E-11 1.408E-11 1.411E-11 1.414E-11 1.416E-11 1.419E-11
 1.421E-11
 1.380E-11 1.342E-11 1.340E-11 1.345E-11 1.350E-11 1.357E-11 1.361E-11 1.368E-11
 1.371E-11 1.377E-11 1.381E-11 1.386E-11 1.389E-11 1.393E-11 1.396E-11 1.400E-11
 1.403E-11 1.407E-11 1.409E-11 1.413E-11 1.415E-11 1.418E-11 1.420E-11 1.423E-11
 1.425E-11
 1.385E-11 1.345E-11 1.343E-11 1.348E-11 1.353E-11 1.360E-11 1.365E-11 1.371E-11
 1.375E-11 1.381E-11 1.384E-11 1.389E-11 1.393E-11 1.397E-11 1.400E-11 1.404E-11
 1.407E-11 1.411E-11 1.413E-11 1.417E-11 1.419E-11 1.422E-11 1.424E-11 1.427E-11
 1.429E-11
 1.390E-11 1.348E-11 1.346E-11 1.351E-11 1.356E-11 1.363E-11 1.368E-11 1.374E-11
 1.378E-11 1.384E-11 1.387E-11 1.393E-11 1.396E-11 1.400E-11 1.403E-11 1.408E-11
 1.410E-11 1.414E-11 1.417E-11 1.420E-11 1.422E-11 1.426E-11 1.428E-11 1.431E-11
 1.433E-11
--------------------------------------------------------------------------------
   20 /EREF=3.300E+04 /NREF=5.000E+13
--------------------------------------------------------------------------------
 1.000E+02 2.000E+02 3.000E+02 5.000E+02 6.000E+02 7.000E+02 8.000E+02 8.966E+02
 1.000E+03 2.000E+03 3.000E+03 5.000E+03 6.000E+03 7.000E+03 8.000E+03 8.966E+03
 1.000E+04 2.000E+04 3.000E+04 5.000E+04
--------------------------------------------------------------------------------
 7.315E-10 3.110E-10 1.843E-10 9.324E-11 7.272E-11 5.882E-11 4.888E-11 4.147E-11
 3.577E-11 1.328E-11 7.357E-12 3.482E-12 2.659E-12 2.114E-12 1.732E-12 1.452E-12
 1.241E-12 4.380E-13 3.714E-13 3.014E-13
--------------------------------------------------------------------------------
C
C
C     ADAS FILE TYPE : 	ADF21
C     SOURCE FILE    :  /home/anderson/adas/adf26/bnl99#he/bnl99#he_li3.dat         
C
C     USER ID	     :  anderson        
C
--------------------------------------------------------------------------------
 
C---------------------------------------------------------------------------------
C ADAS ADF21/bms99#he_fast DATA - SCCS info: @(#)$Header: /u/xshare/Attic/repos/codesys/source/adas/data/adf21/bms99#he_fast/gcrc23/gcrc23#he_li3.dat,v 1.1 2009-07-30 05:44:42 Marina Gorelenkova Exp $ Date $Date: 2009-07-30 05:44:42 $
C---------------------------------------------------------------------------------
