    6 /GCRC6=1.283E-11 /SPEC=C  /DATE=05/01/99 /CODE=ADAS313
--------------------------------------------------------------------------------
   25   25 /TREF=2.000E+03
--------------------------------------------------------------------------------
 1.000E+04 1.300E+04 1.500E+04 1.800E+04 2.000E+04 2.300E+04 2.500E+04 2.800E+04
 3.000E+04 3.300E+04 3.500E+04 3.800E+04 4.000E+04 4.300E+04 4.500E+04 4.800E+04
 5.000E+04 5.300E+04 5.500E+04 5.800E+04 6.000E+04 6.300E+04 6.500E+04 6.800E+04
 7.000E+04
 1.000E+12 2.000E+12 3.000E+12 5.000E+12 6.000E+12 7.000E+12 8.000E+12 9.000E+12
 1.000E+13 2.000E+13 3.000E+13 5.000E+13 6.000E+13 7.000E+13 8.000E+13 9.000E+13
 1.000E+14 2.000E+14 3.000E+14 5.000E+14 6.000E+14 7.000E+14 8.000E+14 9.000E+14
 1.000E+15
--------------------------------------------------------------------------------
 1.296E-11 1.303E-11 1.307E-11 1.312E-11 1.315E-11 1.319E-11 1.322E-11 1.325E-11
 1.327E-11 1.329E-11 1.331E-11 1.333E-11 1.334E-11 1.336E-11 1.338E-11 1.339E-11
 1.340E-11 1.342E-11 1.343E-11 1.344E-11 1.345E-11 1.347E-11 1.348E-11 1.349E-11
 1.350E-11
 1.292E-11 1.296E-11 1.299E-11 1.304E-11 1.306E-11 1.310E-11 1.312E-11 1.314E-11
 1.316E-11 1.318E-11 1.319E-11 1.321E-11 1.322E-11 1.324E-11 1.325E-11 1.326E-11
 1.327E-11 1.329E-11 1.330E-11 1.331E-11 1.332E-11 1.333E-11 1.334E-11 1.336E-11
 1.337E-11
 1.289E-11 1.291E-11 1.294E-11 1.297E-11 1.300E-11 1.303E-11 1.305E-11 1.307E-11
 1.308E-11 1.310E-11 1.312E-11 1.313E-11 1.315E-11 1.316E-11 1.317E-11 1.319E-11
 1.320E-11 1.321E-11 1.322E-11 1.324E-11 1.325E-11 1.326E-11 1.327E-11 1.328E-11
 1.329E-11
 1.284E-11 1.284E-11 1.286E-11 1.289E-11 1.292E-11 1.294E-11 1.296E-11 1.298E-11
 1.300E-11 1.302E-11 1.303E-11 1.305E-11 1.306E-11 1.308E-11 1.309E-11 1.311E-11
 1.312E-11 1.313E-11 1.314E-11 1.316E-11 1.317E-11 1.318E-11 1.319E-11 1.321E-11
 1.322E-11
 1.283E-11 1.281E-11 1.283E-11 1.287E-11 1.289E-11 1.292E-11 1.293E-11 1.296E-11
 1.297E-11 1.299E-11 1.300E-11 1.302E-11 1.304E-11 1.305E-11 1.306E-11 1.308E-11
 1.309E-11 1.311E-11 1.312E-11 1.314E-11 1.315E-11 1.316E-11 1.317E-11 1.319E-11
 1.320E-11
 1.282E-11 1.279E-11 1.281E-11 1.285E-11 1.287E-11 1.289E-11 1.291E-11 1.294E-11
 1.295E-11 1.297E-11 1.298E-11 1.300E-11 1.301E-11 1.303E-11 1.304E-11 1.306E-11
 1.307E-11 1.309E-11 1.310E-11 1.312E-11 1.313E-11 1.314E-11 1.316E-11 1.317E-11
 1.318E-11
 1.281E-11 1.278E-11 1.280E-11 1.283E-11 1.285E-11 1.288E-11 1.289E-11 1.292E-11
 1.293E-11 1.295E-11 1.297E-11 1.299E-11 1.300E-11 1.302E-11 1.303E-11 1.305E-11
 1.306E-11 1.307E-11 1.309E-11 1.310E-11 1.311E-11 1.313E-11 1.314E-11 1.316E-11
 1.317E-11
 1.280E-11 1.276E-11 1.278E-11 1.281E-11 1.283E-11 1.286E-11 1.288E-11 1.290E-11
 1.292E-11 1.294E-11 1.295E-11 1.297E-11 1.298E-11 1.300E-11 1.302E-11 1.303E-11
 1.304E-11 1.306E-11 1.307E-11 1.309E-11 1.310E-11 1.312E-11 1.313E-11 1.315E-11
 1.316E-11
 1.279E-11 1.275E-11 1.277E-11 1.280E-11 1.282E-11 1.285E-11 1.286E-11 1.289E-11
 1.290E-11 1.293E-11 1.294E-11 1.296E-11 1.297E-11 1.299E-11 1.300E-11 1.302E-11
 1.303E-11 1.305E-11 1.306E-11 1.308E-11 1.309E-11 1.311E-11 1.312E-11 1.314E-11
 1.315E-11
 1.276E-11 1.269E-11 1.270E-11 1.273E-11 1.275E-11 1.278E-11 1.280E-11 1.282E-11
 1.284E-11 1.286E-11 1.288E-11 1.290E-11 1.291E-11 1.293E-11 1.295E-11 1.297E-11
 1.298E-11 1.300E-11 1.301E-11 1.303E-11 1.305E-11 1.306E-11 1.308E-11 1.309E-11
 1.311E-11
 1.275E-11 1.266E-11 1.267E-11 1.270E-11 1.272E-11 1.275E-11 1.277E-11 1.280E-11
 1.282E-11 1.284E-11 1.286E-11 1.288E-11 1.289E-11 1.292E-11 1.293E-11 1.295E-11
 1.297E-11 1.299E-11 1.300E-11 1.302E-11 1.303E-11 1.305E-11 1.306E-11 1.308E-11
 1.309E-11
 1.275E-11 1.265E-11 1.265E-11 1.268E-11 1.271E-11 1.274E-11 1.276E-11 1.278E-11
 1.280E-11 1.283E-11 1.285E-11 1.287E-11 1.289E-11 1.291E-11 1.292E-11 1.295E-11
 1.296E-11 1.298E-11 1.300E-11 1.302E-11 1.303E-11 1.305E-11 1.306E-11 1.308E-11
 1.310E-11
 1.275E-11 1.264E-11 1.265E-11 1.268E-11 1.270E-11 1.274E-11 1.276E-11 1.278E-11
 1.280E-11 1.283E-11 1.285E-11 1.287E-11 1.289E-11 1.291E-11 1.293E-11 1.295E-11
 1.296E-11 1.298E-11 1.300E-11 1.302E-11 1.303E-11 1.305E-11 1.307E-11 1.309E-11
 1.310E-11
 1.276E-11 1.264E-11 1.265E-11 1.268E-11 1.270E-11 1.274E-11 1.276E-11 1.279E-11
 1.280E-11 1.283E-11 1.285E-11 1.287E-11 1.289E-11 1.291E-11 1.293E-11 1.295E-11
 1.297E-11 1.299E-11 1.300E-11 1.303E-11 1.304E-11 1.306E-11 1.307E-11 1.309E-11
 1.311E-11
 1.277E-11 1.265E-11 1.265E-11 1.268E-11 1.271E-11 1.274E-11 1.276E-11 1.279E-11
 1.281E-11 1.283E-11 1.285E-11 1.288E-11 1.289E-11 1.292E-11 1.293E-11 1.296E-11
 1.297E-11 1.299E-11 1.301E-11 1.303E-11 1.305E-11 1.307E-11 1.308E-11 1.310E-11
 1.311E-11
 1.277E-11 1.265E-11 1.266E-11 1.269E-11 1.271E-11 1.274E-11 1.276E-11 1.279E-11
 1.281E-11 1.284E-11 1.286E-11 1.288E-11 1.290E-11 1.292E-11 1.294E-11 1.296E-11
 1.298E-11 1.300E-11 1.302E-11 1.304E-11 1.305E-11 1.307E-11 1.309E-11 1.311E-11
 1.312E-11
 1.278E-11 1.265E-11 1.266E-11 1.269E-11 1.271E-11 1.274E-11 1.277E-11 1.280E-11
 1.282E-11 1.284E-11 1.286E-11 1.289E-11 1.290E-11 1.293E-11 1.295E-11 1.297E-11
 1.298E-11 1.301E-11 1.302E-11 1.304E-11 1.306E-11 1.308E-11 1.309E-11 1.311E-11
 1.313E-11
 1.286E-11 1.269E-11 1.270E-11 1.273E-11 1.275E-11 1.279E-11 1.281E-11 1.284E-11
 1.287E-11 1.290E-11 1.292E-11 1.294E-11 1.296E-11 1.299E-11 1.301E-11 1.303E-11
 1.305E-11 1.307E-11 1.309E-11 1.311E-11 1.313E-11 1.315E-11 1.317E-11 1.319E-11
 1.320E-11
 1.292E-11 1.273E-11 1.273E-11 1.277E-11 1.279E-11 1.283E-11 1.285E-11 1.289E-11
 1.291E-11 1.294E-11 1.296E-11 1.299E-11 1.301E-11 1.304E-11 1.306E-11 1.309E-11
 1.310E-11 1.313E-11 1.315E-11 1.317E-11 1.319E-11 1.321E-11 1.323E-11 1.325E-11
 1.326E-11
 1.303E-11 1.278E-11 1.278E-11 1.282E-11 1.285E-11 1.289E-11 1.291E-11 1.295E-11
 1.298E-11 1.301E-11 1.304E-11 1.307E-11 1.309E-11 1.312E-11 1.314E-11 1.317E-11
 1.319E-11 1.322E-11 1.323E-11 1.326E-11 1.328E-11 1.330E-11 1.332E-11 1.334E-11
 1.336E-11
 1.307E-11 1.280E-11 1.280E-11 1.284E-11 1.287E-11 1.291E-11 1.294E-11 1.298E-11
 1.300E-11 1.304E-11 1.306E-11 1.310E-11 1.312E-11 1.315E-11 1.317E-11 1.320E-11
 1.322E-11 1.325E-11 1.327E-11 1.329E-11 1.331E-11 1.334E-11 1.335E-11 1.338E-11
 1.339E-11
 1.310E-11 1.282E-11 1.282E-11 1.286E-11 1.288E-11 1.293E-11 1.296E-11 1.300E-11
 1.302E-11 1.306E-11 1.309E-11 1.312E-11 1.314E-11 1.318E-11 1.320E-11 1.323E-11
 1.325E-11 1.328E-11 1.329E-11 1.332E-11 1.334E-11 1.336E-11 1.338E-11 1.341E-11
 1.342E-11
 1.313E-11 1.283E-11 1.283E-11 1.287E-11 1.290E-11 1.294E-11 1.297E-11 1.302E-11
 1.304E-11 1.308E-11 1.311E-11 1.314E-11 1.316E-11 1.320E-11 1.322E-11 1.325E-11
 1.327E-11 1.330E-11 1.332E-11 1.335E-11 1.336E-11 1.339E-11 1.341E-11 1.343E-11
 1.345E-11
 1.316E-11 1.284E-11 1.284E-11 1.288E-11 1.291E-11 1.296E-11 1.299E-11 1.303E-11
 1.306E-11 1.310E-11 1.312E-11 1.316E-11 1.318E-11 1.322E-11 1.324E-11 1.327E-11
 1.329E-11 1.332E-11 1.334E-11 1.337E-11 1.338E-11 1.341E-11 1.343E-11 1.345E-11
 1.347E-11
 1.318E-11 1.285E-11 1.285E-11 1.289E-11 1.292E-11 1.297E-11 1.300E-11 1.304E-11
 1.307E-11 1.311E-11 1.314E-11 1.317E-11 1.320E-11 1.323E-11 1.325E-11 1.329E-11
 1.331E-11 1.334E-11 1.336E-11 1.338E-11 1.340E-11 1.343E-11 1.345E-11 1.347E-11
 1.349E-11
--------------------------------------------------------------------------------
   20 /EREF=3.300E+04 /NREF=5.000E+13
--------------------------------------------------------------------------------
 1.000E+02 2.000E+02 3.000E+02 5.000E+02 6.000E+02 7.000E+02 8.000E+02 8.966E+02
 1.000E+03 2.000E+03 3.000E+03 5.000E+03 6.000E+03 7.000E+03 8.000E+03 8.966E+03
 1.000E+04 2.000E+04 3.000E+04 5.000E+04
--------------------------------------------------------------------------------
 7.062E-10 3.008E-10 1.784E-10 9.024E-11 7.036E-11 5.690E-11 4.727E-11 4.010E-11
 3.458E-11 1.283E-11 7.105E-12 3.366E-12 2.571E-12 2.044E-12 1.675E-12 1.405E-12
 1.201E-12 4.247E-13 3.605E-13 2.929E-13
--------------------------------------------------------------------------------
C
C
C     ADAS FILE TYPE : 	ADF21
C     SOURCE FILE    :  /home/anderson/adas/adf26/bnl99#he/bnl99#he_c6.dat          
C
C     USER ID	     :  anderson        
C
--------------------------------------------------------------------------------
 
C---------------------------------------------------------------------------------
C ADAS ADF21/bms99#he_fast DATA - SCCS info: @(#)$Header: /u/xshare/Attic/repos/codesys/source/adas/data/adf21/bms99#he_fast/gcrc23/gcrc23#he_c6.dat,v 1.1 2009-07-30 05:44:42 Marina Gorelenkova Exp $ Date $Date: 2009-07-30 05:44:42 $
C---------------------------------------------------------------------------------
