    5 /GCRC5=3.414E-06 /SPEC=B  /DATE=05/01/99 /CODE=ADAS313
--------------------------------------------------------------------------------
   25   25 /TREF=2.000E+03
--------------------------------------------------------------------------------
 1.000E+04 1.300E+04 1.500E+04 1.800E+04 2.000E+04 2.300E+04 2.500E+04 2.800E+04
 3.000E+04 3.300E+04 3.500E+04 3.800E+04 4.000E+04 4.300E+04 4.500E+04 4.800E+04
 5.000E+04 5.300E+04 5.500E+04 5.800E+04 6.000E+04 6.300E+04 6.500E+04 6.800E+04
 7.000E+04
 1.000E+12 2.000E+12 3.000E+12 5.000E+12 6.000E+12 7.000E+12 8.000E+12 9.000E+12
 1.000E+13 2.000E+13 3.000E+13 5.000E+13 6.000E+13 7.000E+13 8.000E+13 9.000E+13
 1.000E+14 2.000E+14 3.000E+14 5.000E+14 6.000E+14 7.000E+14 8.000E+14 9.000E+14
 1.000E+15
--------------------------------------------------------------------------------
 2.568E-06 3.768E-06 3.885E-06 3.812E-06 3.739E-06 3.638E-06 3.580E-06 3.506E-06
 3.465E-06 3.413E-06 3.384E-06 3.347E-06 3.328E-06 3.305E-06 3.293E-06 3.279E-06
 3.273E-06 3.267E-06 3.265E-06 3.265E-06 3.266E-06 3.269E-06 3.273E-06 3.279E-06
 3.283E-06
 2.569E-06 3.768E-06 3.885E-06 3.812E-06 3.740E-06 3.638E-06 3.580E-06 3.507E-06
 3.466E-06 3.413E-06 3.384E-06 3.348E-06 3.328E-06 3.305E-06 3.293E-06 3.280E-06
 3.274E-06 3.268E-06 3.266E-06 3.265E-06 3.266E-06 3.270E-06 3.273E-06 3.279E-06
 3.284E-06
 2.569E-06 3.768E-06 3.885E-06 3.812E-06 3.740E-06 3.638E-06 3.580E-06 3.507E-06
 3.466E-06 3.414E-06 3.384E-06 3.348E-06 3.328E-06 3.305E-06 3.293E-06 3.280E-06
 3.274E-06 3.268E-06 3.266E-06 3.266E-06 3.267E-06 3.270E-06 3.273E-06 3.279E-06
 3.284E-06
 2.569E-06 3.768E-06 3.885E-06 3.813E-06 3.740E-06 3.639E-06 3.580E-06 3.507E-06
 3.466E-06 3.414E-06 3.385E-06 3.348E-06 3.329E-06 3.306E-06 3.294E-06 3.280E-06
 3.274E-06 3.268E-06 3.266E-06 3.266E-06 3.267E-06 3.270E-06 3.274E-06 3.280E-06
 3.284E-06
 2.569E-06 3.768E-06 3.885E-06 3.813E-06 3.740E-06 3.639E-06 3.581E-06 3.507E-06
 3.466E-06 3.414E-06 3.385E-06 3.348E-06 3.329E-06 3.306E-06 3.294E-06 3.281E-06
 3.274E-06 3.268E-06 3.267E-06 3.266E-06 3.267E-06 3.271E-06 3.274E-06 3.280E-06
 3.284E-06
 2.569E-06 3.768E-06 3.885E-06 3.813E-06 3.740E-06 3.639E-06 3.581E-06 3.507E-06
 3.466E-06 3.414E-06 3.385E-06 3.349E-06 3.329E-06 3.306E-06 3.294E-06 3.281E-06
 3.274E-06 3.269E-06 3.267E-06 3.266E-06 3.267E-06 3.271E-06 3.274E-06 3.280E-06
 3.284E-06
 2.569E-06 3.768E-06 3.885E-06 3.813E-06 3.740E-06 3.639E-06 3.581E-06 3.507E-06
 3.466E-06 3.414E-06 3.385E-06 3.349E-06 3.329E-06 3.306E-06 3.294E-06 3.281E-06
 3.275E-06 3.269E-06 3.267E-06 3.266E-06 3.267E-06 3.271E-06 3.274E-06 3.280E-06
 3.285E-06
 2.569E-06 3.768E-06 3.886E-06 3.813E-06 3.740E-06 3.639E-06 3.581E-06 3.507E-06
 3.466E-06 3.414E-06 3.385E-06 3.349E-06 3.329E-06 3.306E-06 3.294E-06 3.281E-06
 3.275E-06 3.269E-06 3.267E-06 3.266E-06 3.267E-06 3.271E-06 3.274E-06 3.280E-06
 3.285E-06
 2.569E-06 3.768E-06 3.886E-06 3.813E-06 3.740E-06 3.639E-06 3.581E-06 3.508E-06
 3.467E-06 3.414E-06 3.385E-06 3.349E-06 3.329E-06 3.306E-06 3.294E-06 3.281E-06
 3.275E-06 3.269E-06 3.267E-06 3.266E-06 3.267E-06 3.271E-06 3.274E-06 3.280E-06
 3.285E-06
 2.569E-06 3.768E-06 3.886E-06 3.813E-06 3.741E-06 3.639E-06 3.581E-06 3.508E-06
 3.467E-06 3.415E-06 3.385E-06 3.349E-06 3.330E-06 3.306E-06 3.294E-06 3.281E-06
 3.275E-06 3.269E-06 3.267E-06 3.267E-06 3.268E-06 3.271E-06 3.274E-06 3.280E-06
 3.284E-06
 2.569E-06 3.768E-06 3.886E-06 3.813E-06 3.740E-06 3.639E-06 3.581E-06 3.508E-06
 3.467E-06 3.415E-06 3.385E-06 3.349E-06 3.330E-06 3.306E-06 3.294E-06 3.281E-06
 3.275E-06 3.269E-06 3.267E-06 3.266E-06 3.267E-06 3.271E-06 3.274E-06 3.280E-06
 3.284E-06
 2.568E-06 3.768E-06 3.885E-06 3.813E-06 3.740E-06 3.639E-06 3.581E-06 3.507E-06
 3.466E-06 3.414E-06 3.385E-06 3.349E-06 3.329E-06 3.306E-06 3.294E-06 3.281E-06
 3.274E-06 3.268E-06 3.266E-06 3.266E-06 3.267E-06 3.270E-06 3.273E-06 3.279E-06
 3.283E-06
 2.568E-06 3.767E-06 3.885E-06 3.812E-06 3.740E-06 3.639E-06 3.580E-06 3.507E-06
 3.466E-06 3.414E-06 3.385E-06 3.348E-06 3.329E-06 3.306E-06 3.294E-06 3.280E-06
 3.274E-06 3.268E-06 3.266E-06 3.265E-06 3.266E-06 3.269E-06 3.273E-06 3.278E-06
 3.283E-06
 2.567E-06 3.767E-06 3.884E-06 3.812E-06 3.739E-06 3.638E-06 3.580E-06 3.507E-06
 3.466E-06 3.414E-06 3.384E-06 3.348E-06 3.329E-06 3.305E-06 3.293E-06 3.280E-06
 3.274E-06 3.268E-06 3.266E-06 3.265E-06 3.266E-06 3.269E-06 3.272E-06 3.278E-06
 3.282E-06
 2.567E-06 3.767E-06 3.884E-06 3.812E-06 3.739E-06 3.638E-06 3.580E-06 3.507E-06
 3.466E-06 3.413E-06 3.384E-06 3.348E-06 3.328E-06 3.305E-06 3.293E-06 3.280E-06
 3.273E-06 3.267E-06 3.265E-06 3.265E-06 3.266E-06 3.269E-06 3.272E-06 3.277E-06
 3.282E-06
 2.566E-06 3.766E-06 3.884E-06 3.811E-06 3.739E-06 3.638E-06 3.579E-06 3.506E-06
 3.465E-06 3.413E-06 3.384E-06 3.347E-06 3.328E-06 3.305E-06 3.293E-06 3.279E-06
 3.273E-06 3.267E-06 3.265E-06 3.264E-06 3.265E-06 3.268E-06 3.271E-06 3.277E-06
 3.281E-06
 2.566E-06 3.766E-06 3.883E-06 3.811E-06 3.739E-06 3.637E-06 3.579E-06 3.506E-06
 3.465E-06 3.413E-06 3.383E-06 3.347E-06 3.328E-06 3.304E-06 3.292E-06 3.279E-06
 3.273E-06 3.267E-06 3.264E-06 3.264E-06 3.265E-06 3.268E-06 3.271E-06 3.276E-06
 3.281E-06
 2.562E-06 3.763E-06 3.880E-06 3.808E-06 3.735E-06 3.634E-06 3.576E-06 3.503E-06
 3.462E-06 3.409E-06 3.380E-06 3.344E-06 3.324E-06 3.301E-06 3.289E-06 3.275E-06
 3.269E-06 3.263E-06 3.261E-06 3.260E-06 3.261E-06 3.264E-06 3.267E-06 3.272E-06
 3.277E-06
 2.559E-06 3.760E-06 3.878E-06 3.805E-06 3.733E-06 3.632E-06 3.573E-06 3.500E-06
 3.459E-06 3.407E-06 3.377E-06 3.341E-06 3.321E-06 3.298E-06 3.286E-06 3.272E-06
 3.266E-06 3.260E-06 3.258E-06 3.257E-06 3.258E-06 3.261E-06 3.264E-06 3.269E-06
 3.274E-06
 2.553E-06 3.756E-06 3.874E-06 3.802E-06 3.729E-06 3.628E-06 3.569E-06 3.496E-06
 3.455E-06 3.402E-06 3.373E-06 3.337E-06 3.317E-06 3.294E-06 3.281E-06 3.268E-06
 3.261E-06 3.255E-06 3.253E-06 3.252E-06 3.253E-06 3.256E-06 3.259E-06 3.264E-06
 3.269E-06
 2.551E-06 3.755E-06 3.873E-06 3.800E-06 3.728E-06 3.626E-06 3.568E-06 3.494E-06
 3.453E-06 3.401E-06 3.371E-06 3.335E-06 3.315E-06 3.292E-06 3.280E-06 3.266E-06
 3.260E-06 3.253E-06 3.251E-06 3.250E-06 3.251E-06 3.254E-06 3.257E-06 3.262E-06
 3.267E-06
 2.549E-06 3.754E-06 3.872E-06 3.799E-06 3.726E-06 3.625E-06 3.567E-06 3.493E-06
 3.452E-06 3.399E-06 3.370E-06 3.334E-06 3.314E-06 3.290E-06 3.278E-06 3.265E-06
 3.258E-06 3.252E-06 3.250E-06 3.249E-06 3.250E-06 3.253E-06 3.255E-06 3.261E-06
 3.265E-06
 2.548E-06 3.753E-06 3.871E-06 3.798E-06 3.725E-06 3.624E-06 3.565E-06 3.492E-06
 3.451E-06 3.398E-06 3.369E-06 3.332E-06 3.313E-06 3.289E-06 3.277E-06 3.263E-06
 3.257E-06 3.251E-06 3.248E-06 3.248E-06 3.248E-06 3.251E-06 3.254E-06 3.259E-06
 3.264E-06
 2.546E-06 3.752E-06 3.870E-06 3.797E-06 3.725E-06 3.623E-06 3.565E-06 3.491E-06
 3.450E-06 3.397E-06 3.368E-06 3.331E-06 3.312E-06 3.288E-06 3.276E-06 3.262E-06
 3.256E-06 3.249E-06 3.247E-06 3.246E-06 3.247E-06 3.250E-06 3.253E-06 3.258E-06
 3.263E-06
 2.545E-06 3.751E-06 3.869E-06 3.797E-06 3.724E-06 3.622E-06 3.564E-06 3.490E-06
 3.449E-06 3.396E-06 3.367E-06 3.330E-06 3.311E-06 3.287E-06 3.275E-06 3.261E-06
 3.255E-06 3.248E-06 3.246E-06 3.245E-06 3.246E-06 3.249E-06 3.252E-06 3.257E-06
 3.261E-06
--------------------------------------------------------------------------------
   20 /EREF=3.300E+04 /NREF=5.000E+13
--------------------------------------------------------------------------------
 1.000E+02 2.000E+02 3.000E+02 5.000E+02 6.000E+02 7.000E+02 8.000E+02 8.966E+02
 1.000E+03 2.000E+03 3.000E+03 5.000E+03 6.000E+03 7.000E+03 8.000E+03 8.966E+03
 1.000E+04 2.000E+04 3.000E+04 5.000E+04
--------------------------------------------------------------------------------
 4.705E-06 4.339E-06 4.136E-06 3.902E-06 3.826E-06 3.765E-06 3.713E-06 3.670E-06
 3.632E-06 3.414E-06 3.309E-06 3.196E-06 3.161E-06 3.133E-06 3.110E-06 3.091E-06
 3.075E-06 2.980E-06 2.923E-06 2.834E-06
--------------------------------------------------------------------------------
C
C
C     ADAS FILE TYPE : 	ADF21
C     SOURCE FILE    :  /home/anderson/adas/adf26/bnl99#he/bnl99#he_b5.dat          
C
C     USER ID	     :  anderson        
C
--------------------------------------------------------------------------------
 
C---------------------------------------------------------------------------------
C ADAS ADF21/bms99#he_fast DATA - SCCS info: @(#)$Header: /u/xshare/Attic/repos/codesys/source/adas/data/adf21/bms99#he_fast/gcrc22/gcrc22#he_b5.dat,v 1.1 2009-07-30 05:44:22 Marina Gorelenkova Exp $ Date $Date: 2009-07-30 05:44:22 $
C---------------------------------------------------------------------------------
