    8 /GCRC4=7.482E-10 /SPEC=O  /DATE=06/01/99 /CODE=ADAS313
--------------------------------------------------------------------------------
   25   25 /TREF=1.000E+02
--------------------------------------------------------------------------------
 5.000E+01 1.000E+02 2.000E+02 3.000E+02 4.000E+02 5.000E+02 6.000E+02 7.000E+02
 8.000E+02 9.000E+02 1.000E+03 2.000E+03 3.000E+03 4.000E+03 5.000E+03 6.000E+03
 7.000E+03 8.000E+03 9.000E+03 1.000E+04 1.100E+04 1.200E+04 1.300E+04 1.400E+04
 1.500E+04
 1.000E+11 2.000E+11 3.000E+11 4.000E+11 5.000E+11 6.000E+11 7.000E+11 8.000E+11
 9.000E+11 1.000E+12 2.000E+12 3.000E+12 4.000E+12 5.000E+12 6.000E+12 7.000E+12
 8.000E+12 9.000E+12 1.000E+13 2.000E+13 3.000E+13 4.000E+13 5.000E+13 6.000E+13
 7.000E+13
--------------------------------------------------------------------------------
 7.947E-10 7.948E-10 7.948E-10 7.949E-10 7.949E-10 7.949E-10 7.950E-10 7.950E-10
 7.950E-10 7.950E-10 7.951E-10 7.937E-10 7.949E-10 7.961E-10 7.969E-10 7.976E-10
 7.982E-10 7.988E-10 7.992E-10 7.997E-10 8.001E-10 8.005E-10 8.009E-10 8.012E-10
 8.016E-10
 7.893E-10 7.891E-10 7.890E-10 7.889E-10 7.888E-10 7.888E-10 7.887E-10 7.887E-10
 7.887E-10 7.886E-10 7.886E-10 7.851E-10 7.857E-10 7.868E-10 7.874E-10 7.880E-10
 7.885E-10 7.890E-10 7.894E-10 7.898E-10 7.902E-10 7.906E-10 7.909E-10 7.912E-10
 7.915E-10
 7.862E-10 7.860E-10 7.858E-10 7.856E-10 7.855E-10 7.854E-10 7.854E-10 7.853E-10
 7.852E-10 7.851E-10 7.851E-10 7.798E-10 7.801E-10 7.811E-10 7.815E-10 7.819E-10
 7.824E-10 7.829E-10 7.833E-10 7.836E-10 7.840E-10 7.843E-10 7.846E-10 7.849E-10
 7.852E-10
 7.840E-10 7.837E-10 7.835E-10 7.833E-10 7.832E-10 7.831E-10 7.830E-10 7.829E-10
 7.828E-10 7.827E-10 7.826E-10 7.760E-10 7.760E-10 7.769E-10 7.771E-10 7.775E-10
 7.779E-10 7.783E-10 7.787E-10 7.790E-10 7.793E-10 7.796E-10 7.799E-10 7.801E-10
 7.804E-10
 7.822E-10 7.820E-10 7.817E-10 7.815E-10 7.814E-10 7.813E-10 7.811E-10 7.810E-10
 7.809E-10 7.808E-10 7.807E-10 7.730E-10 7.727E-10 7.735E-10 7.737E-10 7.739E-10
 7.743E-10 7.747E-10 7.750E-10 7.753E-10 7.756E-10 7.759E-10 7.761E-10 7.764E-10
 7.766E-10
 7.807E-10 7.805E-10 7.802E-10 7.801E-10 7.799E-10 7.797E-10 7.796E-10 7.795E-10
 7.793E-10 7.792E-10 7.791E-10 7.704E-10 7.700E-10 7.707E-10 7.707E-10 7.709E-10
 7.713E-10 7.716E-10 7.719E-10 7.722E-10 7.725E-10 7.728E-10 7.730E-10 7.733E-10
 7.735E-10
 7.795E-10 7.792E-10 7.790E-10 7.788E-10 7.786E-10 7.784E-10 7.783E-10 7.781E-10
 7.780E-10 7.778E-10 7.777E-10 7.683E-10 7.677E-10 7.683E-10 7.682E-10 7.683E-10
 7.687E-10 7.690E-10 7.693E-10 7.696E-10 7.699E-10 7.701E-10 7.704E-10 7.706E-10
 7.708E-10
 7.784E-10 7.781E-10 7.778E-10 7.776E-10 7.774E-10 7.772E-10 7.771E-10 7.769E-10
 7.767E-10 7.766E-10 7.764E-10 7.664E-10 7.656E-10 7.663E-10 7.661E-10 7.660E-10
 7.664E-10 7.668E-10 7.670E-10 7.673E-10 7.676E-10 7.678E-10 7.681E-10 7.683E-10
 7.686E-10
 7.773E-10 7.771E-10 7.768E-10 7.766E-10 7.764E-10 7.762E-10 7.760E-10 7.758E-10
 7.757E-10 7.755E-10 7.753E-10 7.647E-10 7.639E-10 7.645E-10 7.641E-10 7.641E-10
 7.644E-10 7.648E-10 7.651E-10 7.653E-10 7.656E-10 7.658E-10 7.661E-10 7.663E-10
 7.666E-10
 7.764E-10 7.762E-10 7.759E-10 7.756E-10 7.754E-10 7.752E-10 7.750E-10 7.748E-10
 7.747E-10 7.745E-10 7.743E-10 7.633E-10 7.623E-10 7.629E-10 7.624E-10 7.623E-10
 7.626E-10 7.630E-10 7.633E-10 7.635E-10 7.638E-10 7.641E-10 7.643E-10 7.646E-10
 7.648E-10
 7.699E-10 7.697E-10 7.693E-10 7.691E-10 7.688E-10 7.685E-10 7.683E-10 7.680E-10
 7.678E-10 7.675E-10 7.673E-10 7.543E-10 7.526E-10 7.531E-10 7.518E-10 7.513E-10
 7.516E-10 7.520E-10 7.524E-10 7.527E-10 7.530E-10 7.534E-10 7.537E-10 7.540E-10
 7.543E-10
 7.661E-10 7.659E-10 7.655E-10 7.652E-10 7.649E-10 7.646E-10 7.644E-10 7.641E-10
 7.638E-10 7.636E-10 7.633E-10 7.501E-10 7.482E-10 7.486E-10 7.467E-10 7.458E-10
 7.463E-10 7.468E-10 7.472E-10 7.476E-10 7.479E-10 7.484E-10 7.488E-10 7.492E-10
 7.496E-10
 7.637E-10 7.635E-10 7.631E-10 7.628E-10 7.625E-10 7.622E-10 7.619E-10 7.617E-10
 7.614E-10 7.611E-10 7.609E-10 7.479E-10 7.459E-10 7.464E-10 7.439E-10 7.428E-10
 7.433E-10 7.438E-10 7.443E-10 7.447E-10 7.451E-10 7.456E-10 7.461E-10 7.466E-10
 7.471E-10
 7.621E-10 7.619E-10 7.616E-10 7.612E-10 7.610E-10 7.607E-10 7.604E-10 7.601E-10
 7.599E-10 7.596E-10 7.593E-10 7.468E-10 7.448E-10 7.453E-10 7.422E-10 7.409E-10
 7.415E-10 7.421E-10 7.426E-10 7.431E-10 7.435E-10 7.441E-10 7.446E-10 7.452E-10
 7.457E-10
 7.611E-10 7.609E-10 7.606E-10 7.603E-10 7.600E-10 7.597E-10 7.594E-10 7.592E-10
 7.589E-10 7.587E-10 7.584E-10 7.463E-10 7.444E-10 7.449E-10 7.413E-10 7.398E-10
 7.404E-10 7.411E-10 7.417E-10 7.422E-10 7.427E-10 7.433E-10 7.439E-10 7.445E-10
 7.451E-10
 7.605E-10 7.603E-10 7.600E-10 7.597E-10 7.595E-10 7.592E-10 7.589E-10 7.587E-10
 7.584E-10 7.582E-10 7.579E-10 7.462E-10 7.444E-10 7.449E-10 7.409E-10 7.392E-10
 7.399E-10 7.406E-10 7.413E-10 7.417E-10 7.423E-10 7.429E-10 7.436E-10 7.442E-10
 7.449E-10
 7.603E-10 7.601E-10 7.598E-10 7.595E-10 7.592E-10 7.590E-10 7.587E-10 7.585E-10
 7.582E-10 7.580E-10 7.578E-10 7.465E-10 7.447E-10 7.452E-10 7.408E-10 7.390E-10
 7.397E-10 7.405E-10 7.412E-10 7.417E-10 7.422E-10 7.429E-10 7.436E-10 7.443E-10
 7.450E-10
 7.603E-10 7.601E-10 7.598E-10 7.595E-10 7.593E-10 7.590E-10 7.588E-10 7.585E-10
 7.583E-10 7.581E-10 7.578E-10 7.469E-10 7.452E-10 7.458E-10 7.410E-10 7.391E-10
 7.398E-10 7.406E-10 7.414E-10 7.418E-10 7.424E-10 7.431E-10 7.439E-10 7.447E-10
 7.454E-10
 7.604E-10 7.603E-10 7.600E-10 7.597E-10 7.595E-10 7.592E-10 7.590E-10 7.588E-10
 7.585E-10 7.583E-10 7.581E-10 7.475E-10 7.459E-10 7.465E-10 7.413E-10 7.393E-10
 7.401E-10 7.409E-10 7.418E-10 7.422E-10 7.427E-10 7.436E-10 7.444E-10 7.452E-10
 7.460E-10
 7.677E-10 7.675E-10 7.673E-10 7.671E-10 7.670E-10 7.668E-10 7.666E-10 7.665E-10
 7.663E-10 7.662E-10 7.660E-10 7.578E-10 7.569E-10 7.577E-10 7.498E-10 7.475E-10
 7.486E-10 7.499E-10 7.511E-10 7.510E-10 7.513E-10 7.525E-10 7.537E-10 7.549E-10
 7.562E-10
 7.789E-10 7.788E-10 7.786E-10 7.785E-10 7.784E-10 7.782E-10 7.781E-10 7.780E-10
 7.779E-10 7.778E-10 7.777E-10 7.709E-10 7.703E-10 7.714E-10 7.621E-10 7.599E-10
 7.613E-10 7.629E-10 7.644E-10 7.633E-10 7.629E-10 7.645E-10 7.661E-10 7.676E-10
 7.692E-10
 7.915E-10 7.914E-10 7.913E-10 7.911E-10 7.910E-10 7.909E-10 7.909E-10 7.908E-10
 7.907E-10 7.906E-10 7.906E-10 7.847E-10 7.845E-10 7.858E-10 7.756E-10 7.737E-10
 7.754E-10 7.772E-10 7.791E-10 7.766E-10 7.752E-10 7.771E-10 7.790E-10 7.809E-10
 7.828E-10
 8.046E-10 8.046E-10 8.045E-10 8.044E-10 8.043E-10 8.042E-10 8.042E-10 8.041E-10
 8.041E-10 8.040E-10 8.040E-10 7.988E-10 7.989E-10 8.004E-10 7.896E-10 7.880E-10
 7.900E-10 7.922E-10 7.944E-10 7.900E-10 7.875E-10 7.896E-10 7.918E-10 7.940E-10
 7.962E-10
 8.180E-10 8.180E-10 8.179E-10 8.178E-10 8.178E-10 8.177E-10 8.177E-10 8.177E-10
 8.176E-10 8.176E-10 8.176E-10 8.129E-10 8.133E-10 8.151E-10 8.039E-10 8.027E-10
 8.050E-10 8.074E-10 8.098E-10 8.033E-10 7.994E-10 8.018E-10 8.042E-10 8.067E-10
 8.093E-10
 8.316E-10 8.315E-10 8.314E-10 8.314E-10 8.314E-10 8.313E-10 8.313E-10 8.313E-10
 8.313E-10 8.313E-10 8.313E-10 8.271E-10 8.277E-10 8.297E-10 8.183E-10 8.174E-10
 8.199E-10 8.227E-10 8.254E-10 8.163E-10 8.109E-10 8.135E-10 8.162E-10 8.190E-10
 8.218E-10
--------------------------------------------------------------------------------
   20 /EREF=3.000E+03 /NREF=3.000E+12
--------------------------------------------------------------------------------
 1.000E+01 2.000E+01 3.000E+01 4.000E+01 5.000E+01 6.000E+01 7.000E+01 8.000E+01
 8.966E+01 1.000E+02 2.000E+02 3.000E+02 4.000E+02 5.000E+02 6.000E+02 7.000E+02
 8.000E+02 8.966E+02 1.000E+03 2.000E+03
--------------------------------------------------------------------------------
 1.827E-10 4.420E-10 5.763E-10 6.490E-10 6.913E-10 7.170E-10 7.326E-10 7.417E-10
 7.464E-10 7.482E-10 7.108E-10 6.613E-10 6.186E-10 5.825E-10 5.518E-10 5.256E-10
 5.028E-10 4.829E-10 4.653E-10 3.574E-10
--------------------------------------------------------------------------------
C
C
C     ADAS FILE TYPE : 	ADF21
C     SOURCE FILE    :  /home/anderson/adas/adf26/bnl99#he/bnl99#he_o8.dat          
C
C     USER ID	     :  anderson        
C
--------------------------------------------------------------------------------
 
C---------------------------------------------------------------------------------
C ADAS ADF21/bms99#he_slow DATA - SCCS info: @(#)$Header: /u/xshare/Attic/repos/codesys/source/adas/data/adf21/bms99#he_slow/gcrc21/gcrc21#he_o8.dat,v 1.1 2009-07-30 05:39:57 Marina Gorelenkova Exp $ Date $Date: 2009-07-30 05:39:57 $
C---------------------------------------------------------------------------------
