    7 /GCRC4=7.491E-10 /SPEC=N  /DATE=06/01/99 /CODE=ADAS313
--------------------------------------------------------------------------------
   25   25 /TREF=1.000E+02
--------------------------------------------------------------------------------
 5.000E+01 1.000E+02 2.000E+02 3.000E+02 4.000E+02 5.000E+02 6.000E+02 7.000E+02
 8.000E+02 9.000E+02 1.000E+03 2.000E+03 3.000E+03 4.000E+03 5.000E+03 6.000E+03
 7.000E+03 8.000E+03 9.000E+03 1.000E+04 1.100E+04 1.200E+04 1.300E+04 1.400E+04
 1.500E+04
 1.000E+11 2.000E+11 3.000E+11 4.000E+11 5.000E+11 6.000E+11 7.000E+11 8.000E+11
 9.000E+11 1.000E+12 2.000E+12 3.000E+12 4.000E+12 5.000E+12 6.000E+12 7.000E+12
 8.000E+12 9.000E+12 1.000E+13 2.000E+13 3.000E+13 4.000E+13 5.000E+13 6.000E+13
 7.000E+13
--------------------------------------------------------------------------------
 7.955E-10 7.956E-10 7.957E-10 7.958E-10 7.959E-10 7.959E-10 7.960E-10 7.960E-10
 7.960E-10 7.961E-10 7.961E-10 7.950E-10 7.962E-10 7.973E-10 7.981E-10 7.988E-10
 7.994E-10 7.999E-10 8.004E-10 8.008E-10 8.012E-10 8.016E-10 8.020E-10 8.024E-10
 8.027E-10
 7.899E-10 7.898E-10 7.897E-10 7.896E-10 7.896E-10 7.896E-10 7.895E-10 7.895E-10
 7.895E-10 7.894E-10 7.894E-10 7.863E-10 7.870E-10 7.880E-10 7.886E-10 7.891E-10
 7.897E-10 7.902E-10 7.906E-10 7.910E-10 7.914E-10 7.917E-10 7.921E-10 7.924E-10
 7.927E-10
 7.867E-10 7.866E-10 7.864E-10 7.863E-10 7.862E-10 7.861E-10 7.860E-10 7.859E-10
 7.859E-10 7.858E-10 7.857E-10 7.810E-10 7.813E-10 7.822E-10 7.827E-10 7.831E-10
 7.836E-10 7.840E-10 7.844E-10 7.847E-10 7.851E-10 7.854E-10 7.857E-10 7.860E-10
 7.863E-10
 7.845E-10 7.843E-10 7.840E-10 7.839E-10 7.838E-10 7.836E-10 7.835E-10 7.834E-10
 7.834E-10 7.833E-10 7.832E-10 7.771E-10 7.772E-10 7.780E-10 7.783E-10 7.786E-10
 7.790E-10 7.794E-10 7.798E-10 7.801E-10 7.804E-10 7.807E-10 7.810E-10 7.813E-10
 7.816E-10
 7.827E-10 7.825E-10 7.822E-10 7.820E-10 7.819E-10 7.818E-10 7.816E-10 7.815E-10
 7.814E-10 7.813E-10 7.812E-10 7.741E-10 7.739E-10 7.746E-10 7.748E-10 7.750E-10
 7.754E-10 7.758E-10 7.761E-10 7.764E-10 7.767E-10 7.770E-10 7.772E-10 7.775E-10
 7.778E-10
 7.812E-10 7.810E-10 7.807E-10 7.805E-10 7.803E-10 7.802E-10 7.800E-10 7.799E-10
 7.798E-10 7.796E-10 7.795E-10 7.715E-10 7.712E-10 7.718E-10 7.719E-10 7.720E-10
 7.724E-10 7.727E-10 7.730E-10 7.733E-10 7.736E-10 7.739E-10 7.741E-10 7.744E-10
 7.746E-10
 7.799E-10 7.797E-10 7.794E-10 7.792E-10 7.790E-10 7.788E-10 7.786E-10 7.785E-10
 7.783E-10 7.782E-10 7.780E-10 7.694E-10 7.688E-10 7.694E-10 7.694E-10 7.694E-10
 7.698E-10 7.701E-10 7.704E-10 7.707E-10 7.710E-10 7.712E-10 7.715E-10 7.717E-10
 7.720E-10
 7.787E-10 7.785E-10 7.782E-10 7.780E-10 7.778E-10 7.776E-10 7.774E-10 7.773E-10
 7.771E-10 7.769E-10 7.768E-10 7.675E-10 7.668E-10 7.674E-10 7.672E-10 7.672E-10
 7.675E-10 7.679E-10 7.681E-10 7.684E-10 7.687E-10 7.689E-10 7.692E-10 7.695E-10
 7.697E-10
 7.777E-10 7.775E-10 7.772E-10 7.769E-10 7.767E-10 7.765E-10 7.763E-10 7.761E-10
 7.760E-10 7.758E-10 7.756E-10 7.658E-10 7.650E-10 7.655E-10 7.653E-10 7.652E-10
 7.655E-10 7.659E-10 7.661E-10 7.664E-10 7.667E-10 7.669E-10 7.672E-10 7.675E-10
 7.677E-10
 7.768E-10 7.765E-10 7.762E-10 7.760E-10 7.757E-10 7.755E-10 7.753E-10 7.751E-10
 7.749E-10 7.747E-10 7.745E-10 7.643E-10 7.634E-10 7.639E-10 7.636E-10 7.634E-10
 7.638E-10 7.641E-10 7.644E-10 7.646E-10 7.649E-10 7.652E-10 7.654E-10 7.657E-10
 7.660E-10
 7.702E-10 7.699E-10 7.696E-10 7.693E-10 7.690E-10 7.687E-10 7.684E-10 7.681E-10
 7.679E-10 7.676E-10 7.674E-10 7.552E-10 7.536E-10 7.541E-10 7.529E-10 7.524E-10
 7.528E-10 7.532E-10 7.535E-10 7.538E-10 7.542E-10 7.545E-10 7.549E-10 7.552E-10
 7.556E-10
 7.663E-10 7.661E-10 7.657E-10 7.654E-10 7.651E-10 7.648E-10 7.645E-10 7.642E-10
 7.639E-10 7.636E-10 7.633E-10 7.510E-10 7.491E-10 7.495E-10 7.478E-10 7.470E-10
 7.475E-10 7.479E-10 7.484E-10 7.487E-10 7.491E-10 7.496E-10 7.500E-10 7.504E-10
 7.509E-10
 7.639E-10 7.636E-10 7.633E-10 7.629E-10 7.626E-10 7.623E-10 7.620E-10 7.617E-10
 7.614E-10 7.611E-10 7.609E-10 7.487E-10 7.468E-10 7.472E-10 7.450E-10 7.440E-10
 7.445E-10 7.450E-10 7.455E-10 7.460E-10 7.464E-10 7.469E-10 7.474E-10 7.479E-10
 7.484E-10
 7.623E-10 7.620E-10 7.617E-10 7.614E-10 7.610E-10 7.607E-10 7.604E-10 7.601E-10
 7.599E-10 7.596E-10 7.593E-10 7.475E-10 7.456E-10 7.461E-10 7.434E-10 7.422E-10
 7.427E-10 7.433E-10 7.439E-10 7.444E-10 7.449E-10 7.455E-10 7.460E-10 7.466E-10
 7.472E-10
 7.613E-10 7.610E-10 7.607E-10 7.604E-10 7.601E-10 7.598E-10 7.595E-10 7.592E-10
 7.589E-10 7.587E-10 7.584E-10 7.470E-10 7.451E-10 7.456E-10 7.425E-10 7.411E-10
 7.417E-10 7.424E-10 7.430E-10 7.435E-10 7.441E-10 7.447E-10 7.454E-10 7.460E-10
 7.466E-10
 7.607E-10 7.605E-10 7.601E-10 7.598E-10 7.595E-10 7.592E-10 7.590E-10 7.587E-10
 7.584E-10 7.582E-10 7.579E-10 7.469E-10 7.451E-10 7.456E-10 7.421E-10 7.405E-10
 7.412E-10 7.419E-10 7.427E-10 7.432E-10 7.437E-10 7.444E-10 7.451E-10 7.458E-10
 7.465E-10
 7.604E-10 7.602E-10 7.599E-10 7.596E-10 7.593E-10 7.590E-10 7.587E-10 7.585E-10
 7.582E-10 7.580E-10 7.577E-10 7.471E-10 7.454E-10 7.459E-10 7.420E-10 7.403E-10
 7.411E-10 7.418E-10 7.426E-10 7.431E-10 7.437E-10 7.445E-10 7.452E-10 7.460E-10
 7.468E-10
 7.604E-10 7.602E-10 7.599E-10 7.596E-10 7.593E-10 7.590E-10 7.588E-10 7.585E-10
 7.583E-10 7.580E-10 7.578E-10 7.475E-10 7.459E-10 7.464E-10 7.422E-10 7.404E-10
 7.412E-10 7.420E-10 7.428E-10 7.434E-10 7.440E-10 7.448E-10 7.456E-10 7.464E-10
 7.472E-10
 7.606E-10 7.604E-10 7.601E-10 7.598E-10 7.595E-10 7.593E-10 7.590E-10 7.588E-10
 7.585E-10 7.583E-10 7.581E-10 7.481E-10 7.465E-10 7.471E-10 7.425E-10 7.407E-10
 7.415E-10 7.424E-10 7.433E-10 7.438E-10 7.444E-10 7.453E-10 7.461E-10 7.470E-10
 7.478E-10
 7.677E-10 7.676E-10 7.674E-10 7.672E-10 7.670E-10 7.668E-10 7.666E-10 7.665E-10
 7.663E-10 7.661E-10 7.660E-10 7.583E-10 7.574E-10 7.583E-10 7.512E-10 7.490E-10
 7.502E-10 7.516E-10 7.529E-10 7.530E-10 7.535E-10 7.548E-10 7.561E-10 7.574E-10
 7.588E-10
 7.790E-10 7.789E-10 7.787E-10 7.785E-10 7.784E-10 7.782E-10 7.781E-10 7.780E-10
 7.779E-10 7.778E-10 7.777E-10 7.713E-10 7.709E-10 7.720E-10 7.636E-10 7.615E-10
 7.631E-10 7.647E-10 7.664E-10 7.658E-10 7.657E-10 7.674E-10 7.691E-10 7.708E-10
 7.726E-10
 7.915E-10 7.914E-10 7.913E-10 7.912E-10 7.911E-10 7.910E-10 7.909E-10 7.908E-10
 7.907E-10 7.907E-10 7.906E-10 7.851E-10 7.851E-10 7.865E-10 7.772E-10 7.754E-10
 7.773E-10 7.793E-10 7.813E-10 7.795E-10 7.786E-10 7.806E-10 7.827E-10 7.848E-10
 7.869E-10
 8.047E-10 8.046E-10 8.045E-10 8.044E-10 8.043E-10 8.042E-10 8.042E-10 8.041E-10
 8.041E-10 8.040E-10 8.040E-10 7.992E-10 7.995E-10 8.012E-10 7.913E-10 7.899E-10
 7.921E-10 7.944E-10 7.968E-10 7.934E-10 7.915E-10 7.938E-10 7.962E-10 7.986E-10
 8.011E-10
 8.181E-10 8.180E-10 8.179E-10 8.179E-10 8.178E-10 8.178E-10 8.177E-10 8.177E-10
 8.177E-10 8.177E-10 8.177E-10 8.134E-10 8.140E-10 8.159E-10 8.057E-10 8.046E-10
 8.071E-10 8.098E-10 8.125E-10 8.072E-10 8.040E-10 8.067E-10 8.094E-10 8.121E-10
 8.149E-10
 8.316E-10 8.316E-10 8.315E-10 8.314E-10 8.314E-10 8.314E-10 8.314E-10 8.314E-10
 8.314E-10 8.314E-10 8.314E-10 8.276E-10 8.284E-10 8.306E-10 8.202E-10 8.194E-10
 8.223E-10 8.253E-10 8.282E-10 8.207E-10 8.162E-10 8.191E-10 8.221E-10 8.252E-10
 8.283E-10
--------------------------------------------------------------------------------
   20 /EREF=3.000E+03 /NREF=3.000E+12
--------------------------------------------------------------------------------
 1.000E+01 2.000E+01 3.000E+01 4.000E+01 5.000E+01 6.000E+01 7.000E+01 8.000E+01
 8.966E+01 1.000E+02 2.000E+02 3.000E+02 4.000E+02 5.000E+02 6.000E+02 7.000E+02
 8.000E+02 8.966E+02 1.000E+03 2.000E+03
--------------------------------------------------------------------------------
 1.828E-10 4.423E-10 5.768E-10 6.496E-10 6.920E-10 7.178E-10 7.334E-10 7.426E-10
 7.473E-10 7.491E-10 7.118E-10 6.623E-10 6.196E-10 5.835E-10 5.528E-10 5.265E-10
 5.037E-10 4.838E-10 4.662E-10 3.582E-10
--------------------------------------------------------------------------------
C
C
C     ADAS FILE TYPE : 	ADF21
C     SOURCE FILE    :  /home/anderson/adas/adf26/bnl99#he/bnl99#he_n7.dat          
C
C     USER ID	     :  anderson        
C
--------------------------------------------------------------------------------
 
C---------------------------------------------------------------------------------
C ADAS ADF21/bms99#he_slow DATA - SCCS info: @(#)$Header: /u/xshare/Attic/repos/codesys/source/adas/data/adf21/bms99#he_slow/gcrc21/gcrc21#he_n7.dat,v 1.1 2009-07-30 05:39:57 Marina Gorelenkova Exp $ Date $Date: 2009-07-30 05:39:57 $
C---------------------------------------------------------------------------------
