   10 /GCRC4=7.466E-10 /SPEC=NE /DATE=06/01/99 /CODE=ADAS313
--------------------------------------------------------------------------------
   25   25 /TREF=1.000E+02
--------------------------------------------------------------------------------
 5.000E+01 1.000E+02 2.000E+02 3.000E+02 4.000E+02 5.000E+02 6.000E+02 7.000E+02
 8.000E+02 9.000E+02 1.000E+03 2.000E+03 3.000E+03 4.000E+03 5.000E+03 6.000E+03
 7.000E+03 8.000E+03 9.000E+03 1.000E+04 1.100E+04 1.200E+04 1.300E+04 1.400E+04
 1.500E+04
 1.000E+11 2.000E+11 3.000E+11 4.000E+11 5.000E+11 6.000E+11 7.000E+11 8.000E+11
 9.000E+11 1.000E+12 2.000E+12 3.000E+12 4.000E+12 5.000E+12 6.000E+12 7.000E+12
 8.000E+12 9.000E+12 1.000E+13 2.000E+13 3.000E+13 4.000E+13 5.000E+13 6.000E+13
 7.000E+13
--------------------------------------------------------------------------------
 7.935E-10 7.934E-10 7.934E-10 7.934E-10 7.934E-10 7.934E-10 7.934E-10 7.934E-10
 7.934E-10 7.934E-10 7.934E-10 7.916E-10 7.927E-10 7.939E-10 7.948E-10 7.955E-10
 7.962E-10 7.967E-10 7.973E-10 7.977E-10 7.981E-10 7.985E-10 7.989E-10 7.993E-10
 7.996E-10
 7.883E-10 7.880E-10 7.878E-10 7.877E-10 7.876E-10 7.876E-10 7.875E-10 7.874E-10
 7.874E-10 7.874E-10 7.873E-10 7.830E-10 7.836E-10 7.847E-10 7.853E-10 7.859E-10
 7.865E-10 7.870E-10 7.875E-10 7.879E-10 7.883E-10 7.886E-10 7.890E-10 7.893E-10
 7.896E-10
 7.853E-10 7.850E-10 7.848E-10 7.846E-10 7.845E-10 7.844E-10 7.843E-10 7.843E-10
 7.842E-10 7.841E-10 7.841E-10 7.779E-10 7.781E-10 7.790E-10 7.795E-10 7.799E-10
 7.805E-10 7.809E-10 7.813E-10 7.817E-10 7.820E-10 7.824E-10 7.827E-10 7.829E-10
 7.832E-10
 7.831E-10 7.829E-10 7.826E-10 7.825E-10 7.823E-10 7.822E-10 7.821E-10 7.820E-10
 7.819E-10 7.819E-10 7.818E-10 7.741E-10 7.740E-10 7.749E-10 7.751E-10 7.755E-10
 7.759E-10 7.764E-10 7.768E-10 7.771E-10 7.774E-10 7.777E-10 7.780E-10 7.782E-10
 7.785E-10
 7.815E-10 7.812E-10 7.810E-10 7.808E-10 7.806E-10 7.805E-10 7.804E-10 7.803E-10
 7.802E-10 7.801E-10 7.800E-10 7.710E-10 7.707E-10 7.715E-10 7.717E-10 7.719E-10
 7.723E-10 7.727E-10 7.731E-10 7.734E-10 7.737E-10 7.740E-10 7.742E-10 7.745E-10
 7.747E-10
 7.801E-10 7.798E-10 7.796E-10 7.794E-10 7.792E-10 7.791E-10 7.789E-10 7.788E-10
 7.787E-10 7.786E-10 7.784E-10 7.685E-10 7.680E-10 7.688E-10 7.687E-10 7.689E-10
 7.693E-10 7.697E-10 7.700E-10 7.703E-10 7.706E-10 7.709E-10 7.711E-10 7.714E-10
 7.716E-10
 7.788E-10 7.786E-10 7.783E-10 7.781E-10 7.780E-10 7.778E-10 7.777E-10 7.775E-10
 7.774E-10 7.773E-10 7.771E-10 7.664E-10 7.657E-10 7.664E-10 7.662E-10 7.663E-10
 7.667E-10 7.671E-10 7.674E-10 7.677E-10 7.680E-10 7.682E-10 7.685E-10 7.687E-10
 7.689E-10
 7.778E-10 7.775E-10 7.772E-10 7.770E-10 7.769E-10 7.767E-10 7.765E-10 7.764E-10
 7.762E-10 7.761E-10 7.759E-10 7.645E-10 7.636E-10 7.644E-10 7.641E-10 7.640E-10
 7.645E-10 7.648E-10 7.652E-10 7.654E-10 7.657E-10 7.660E-10 7.662E-10 7.664E-10
 7.666E-10
 7.768E-10 7.765E-10 7.763E-10 7.760E-10 7.759E-10 7.757E-10 7.755E-10 7.753E-10
 7.752E-10 7.750E-10 7.749E-10 7.629E-10 7.619E-10 7.626E-10 7.622E-10 7.621E-10
 7.625E-10 7.628E-10 7.632E-10 7.634E-10 7.637E-10 7.640E-10 7.642E-10 7.644E-10
 7.646E-10
 7.759E-10 7.756E-10 7.753E-10 7.751E-10 7.749E-10 7.747E-10 7.746E-10 7.744E-10
 7.742E-10 7.741E-10 7.739E-10 7.614E-10 7.603E-10 7.610E-10 7.604E-10 7.603E-10
 7.607E-10 7.611E-10 7.614E-10 7.616E-10 7.619E-10 7.622E-10 7.624E-10 7.627E-10
 7.629E-10
 7.695E-10 7.693E-10 7.690E-10 7.687E-10 7.685E-10 7.683E-10 7.680E-10 7.678E-10
 7.676E-10 7.674E-10 7.671E-10 7.526E-10 7.508E-10 7.514E-10 7.499E-10 7.492E-10
 7.496E-10 7.501E-10 7.504E-10 7.507E-10 7.510E-10 7.514E-10 7.517E-10 7.520E-10
 7.523E-10
 7.658E-10 7.656E-10 7.653E-10 7.650E-10 7.647E-10 7.645E-10 7.642E-10 7.640E-10
 7.637E-10 7.635E-10 7.633E-10 7.486E-10 7.466E-10 7.471E-10 7.448E-10 7.437E-10
 7.442E-10 7.447E-10 7.452E-10 7.455E-10 7.459E-10 7.463E-10 7.467E-10 7.470E-10
 7.474E-10
 7.634E-10 7.632E-10 7.629E-10 7.626E-10 7.623E-10 7.621E-10 7.618E-10 7.616E-10
 7.613E-10 7.611E-10 7.609E-10 7.465E-10 7.445E-10 7.450E-10 7.419E-10 7.406E-10
 7.411E-10 7.417E-10 7.422E-10 7.426E-10 7.430E-10 7.434E-10 7.439E-10 7.443E-10
 7.448E-10
 7.618E-10 7.616E-10 7.613E-10 7.611E-10 7.608E-10 7.606E-10 7.603E-10 7.601E-10
 7.598E-10 7.596E-10 7.594E-10 7.455E-10 7.435E-10 7.440E-10 7.403E-10 7.387E-10
 7.393E-10 7.399E-10 7.405E-10 7.408E-10 7.413E-10 7.418E-10 7.423E-10 7.428E-10
 7.433E-10
 7.609E-10 7.607E-10 7.604E-10 7.601E-10 7.599E-10 7.596E-10 7.594E-10 7.592E-10
 7.589E-10 7.587E-10 7.585E-10 7.451E-10 7.431E-10 7.436E-10 7.394E-10 7.376E-10
 7.382E-10 7.389E-10 7.395E-10 7.399E-10 7.403E-10 7.409E-10 7.414E-10 7.420E-10
 7.425E-10
 7.603E-10 7.601E-10 7.599E-10 7.596E-10 7.594E-10 7.591E-10 7.589E-10 7.587E-10
 7.584E-10 7.582E-10 7.580E-10 7.451E-10 7.432E-10 7.437E-10 7.389E-10 7.370E-10
 7.376E-10 7.383E-10 7.390E-10 7.394E-10 7.398E-10 7.404E-10 7.410E-10 7.416E-10
 7.422E-10
 7.601E-10 7.599E-10 7.596E-10 7.594E-10 7.592E-10 7.589E-10 7.587E-10 7.585E-10
 7.583E-10 7.580E-10 7.578E-10 7.454E-10 7.436E-10 7.441E-10 7.388E-10 7.368E-10
 7.374E-10 7.381E-10 7.388E-10 7.392E-10 7.396E-10 7.403E-10 7.410E-10 7.416E-10
 7.422E-10
 7.601E-10 7.599E-10 7.596E-10 7.594E-10 7.592E-10 7.590E-10 7.587E-10 7.585E-10
 7.583E-10 7.581E-10 7.579E-10 7.459E-10 7.441E-10 7.447E-10 7.389E-10 7.368E-10
 7.375E-10 7.382E-10 7.390E-10 7.393E-10 7.397E-10 7.404E-10 7.411E-10 7.418E-10
 7.425E-10
 7.603E-10 7.601E-10 7.598E-10 7.596E-10 7.594E-10 7.592E-10 7.590E-10 7.588E-10
 7.586E-10 7.584E-10 7.582E-10 7.465E-10 7.449E-10 7.454E-10 7.392E-10 7.370E-10
 7.377E-10 7.385E-10 7.393E-10 7.396E-10 7.400E-10 7.407E-10 7.415E-10 7.422E-10
 7.429E-10
 7.675E-10 7.674E-10 7.672E-10 7.671E-10 7.669E-10 7.668E-10 7.666E-10 7.665E-10
 7.663E-10 7.662E-10 7.661E-10 7.570E-10 7.560E-10 7.568E-10 7.476E-10 7.451E-10
 7.460E-10 7.471E-10 7.482E-10 7.477E-10 7.477E-10 7.488E-10 7.498E-10 7.509E-10
 7.520E-10
 7.788E-10 7.787E-10 7.786E-10 7.784E-10 7.783E-10 7.782E-10 7.781E-10 7.780E-10
 7.779E-10 7.778E-10 7.777E-10 7.701E-10 7.696E-10 7.704E-10 7.596E-10 7.573E-10
 7.585E-10 7.599E-10 7.612E-10 7.594E-10 7.585E-10 7.598E-10 7.612E-10 7.625E-10
 7.639E-10
 7.914E-10 7.913E-10 7.912E-10 7.911E-10 7.910E-10 7.909E-10 7.908E-10 7.908E-10
 7.907E-10 7.906E-10 7.906E-10 7.839E-10 7.837E-10 7.848E-10 7.730E-10 7.710E-10
 7.724E-10 7.740E-10 7.757E-10 7.719E-10 7.698E-10 7.714E-10 7.730E-10 7.746E-10
 7.763E-10
 8.045E-10 8.045E-10 8.044E-10 8.043E-10 8.042E-10 8.042E-10 8.041E-10 8.041E-10
 8.040E-10 8.040E-10 8.039E-10 7.980E-10 7.980E-10 7.993E-10 7.869E-10 7.852E-10
 7.869E-10 7.888E-10 7.906E-10 7.846E-10 7.810E-10 7.828E-10 7.847E-10 7.865E-10
 7.884E-10
 8.180E-10 8.179E-10 8.178E-10 8.178E-10 8.177E-10 8.177E-10 8.176E-10 8.176E-10
 8.176E-10 8.176E-10 8.175E-10 8.122E-10 8.124E-10 8.139E-10 8.011E-10 7.997E-10
 8.016E-10 8.037E-10 8.058E-10 7.970E-10 7.918E-10 7.938E-10 7.959E-10 7.980E-10
 8.001E-10
 8.315E-10 8.314E-10 8.314E-10 8.313E-10 8.313E-10 8.313E-10 8.312E-10 8.312E-10
 8.312E-10 8.312E-10 8.312E-10 8.263E-10 8.267E-10 8.284E-10 8.153E-10 8.143E-10
 8.164E-10 8.187E-10 8.211E-10 8.091E-10 8.022E-10 8.044E-10 8.067E-10 8.090E-10
 8.113E-10
--------------------------------------------------------------------------------
   20 /EREF=3.000E+03 /NREF=3.000E+12
--------------------------------------------------------------------------------
 1.000E+01 2.000E+01 3.000E+01 4.000E+01 5.000E+01 6.000E+01 7.000E+01 8.000E+01
 8.966E+01 1.000E+02 2.000E+02 3.000E+02 4.000E+02 5.000E+02 6.000E+02 7.000E+02
 8.000E+02 8.966E+02 1.000E+03 2.000E+03
--------------------------------------------------------------------------------
 1.825E-10 4.414E-10 5.754E-10 6.479E-10 6.900E-10 7.156E-10 7.311E-10 7.402E-10
 7.449E-10 7.466E-10 7.090E-10 6.595E-10 6.168E-10 5.808E-10 5.501E-10 5.239E-10
 5.012E-10 4.813E-10 4.637E-10 3.560E-10
--------------------------------------------------------------------------------
C
C
C     ADAS FILE TYPE : 	ADF21
C     SOURCE FILE    :  /home/anderson/adas/adf26/bnl99#he/bnl99#he_ne10.dat        
C
C     USER ID	     :  anderson        
C
--------------------------------------------------------------------------------
 
C---------------------------------------------------------------------------------
C ADAS ADF21/bms99#he_slow DATA - SCCS info: @(#)$Header: /u/xshare/Attic/repos/codesys/source/adas/data/adf21/bms99#he_slow/gcrc21/gcrc21#he_ne10.dat,v 1.1 2009-07-30 05:39:57 Marina Gorelenkova Exp $ Date $Date: 2009-07-30 05:39:57 $
C---------------------------------------------------------------------------------
