    3 /GCRC4=7.545E-10 /SPEC=LI /DATE=06/01/99 /CODE=ADAS313
--------------------------------------------------------------------------------
   25   25 /TREF=1.000E+02
--------------------------------------------------------------------------------
 5.000E+01 1.000E+02 2.000E+02 3.000E+02 4.000E+02 5.000E+02 6.000E+02 7.000E+02
 8.000E+02 9.000E+02 1.000E+03 2.000E+03 3.000E+03 4.000E+03 5.000E+03 6.000E+03
 7.000E+03 8.000E+03 9.000E+03 1.000E+04 1.100E+04 1.200E+04 1.300E+04 1.400E+04
 1.500E+04
 1.000E+11 2.000E+11 3.000E+11 4.000E+11 5.000E+11 6.000E+11 7.000E+11 8.000E+11
 9.000E+11 1.000E+12 2.000E+12 3.000E+12 4.000E+12 5.000E+12 6.000E+12 7.000E+12
 8.000E+12 9.000E+12 1.000E+13 2.000E+13 3.000E+13 4.000E+13 5.000E+13 6.000E+13
 7.000E+13
--------------------------------------------------------------------------------
 8.003E-10 8.008E-10 8.014E-10 8.017E-10 8.020E-10 8.021E-10 8.023E-10 8.024E-10
 8.025E-10 8.026E-10 8.026E-10 8.025E-10 8.034E-10 8.042E-10 8.048E-10 8.054E-10
 8.060E-10 8.065E-10 8.071E-10 8.076E-10 8.081E-10 8.087E-10 8.092E-10 8.097E-10
 8.103E-10
 7.941E-10 7.943E-10 7.946E-10 7.947E-10 7.948E-10 7.948E-10 7.948E-10 7.949E-10
 7.949E-10 7.949E-10 7.949E-10 7.934E-10 7.941E-10 7.948E-10 7.953E-10 7.958E-10
 7.964E-10 7.969E-10 7.973E-10 7.978E-10 7.983E-10 7.988E-10 7.993E-10 7.998E-10
 8.003E-10
 7.904E-10 7.905E-10 7.906E-10 7.906E-10 7.906E-10 7.906E-10 7.906E-10 7.905E-10
 7.905E-10 7.904E-10 7.904E-10 7.879E-10 7.883E-10 7.889E-10 7.893E-10 7.898E-10
 7.902E-10 7.907E-10 7.911E-10 7.915E-10 7.920E-10 7.925E-10 7.929E-10 7.934E-10
 7.939E-10
 7.878E-10 7.879E-10 7.878E-10 7.878E-10 7.877E-10 7.876E-10 7.875E-10 7.875E-10
 7.874E-10 7.873E-10 7.872E-10 7.838E-10 7.840E-10 7.846E-10 7.849E-10 7.852E-10
 7.856E-10 7.860E-10 7.865E-10 7.869E-10 7.873E-10 7.877E-10 7.882E-10 7.886E-10
 7.891E-10
 7.858E-10 7.857E-10 7.857E-10 7.855E-10 7.854E-10 7.853E-10 7.852E-10 7.851E-10
 7.849E-10 7.848E-10 7.847E-10 7.806E-10 7.806E-10 7.811E-10 7.813E-10 7.816E-10
 7.819E-10 7.823E-10 7.827E-10 7.831E-10 7.835E-10 7.839E-10 7.844E-10 7.848E-10
 7.852E-10
 7.841E-10 7.840E-10 7.839E-10 7.837E-10 7.835E-10 7.834E-10 7.832E-10 7.831E-10
 7.829E-10 7.828E-10 7.826E-10 7.780E-10 7.778E-10 7.782E-10 7.783E-10 7.785E-10
 7.789E-10 7.793E-10 7.796E-10 7.800E-10 7.804E-10 7.808E-10 7.812E-10 7.817E-10
 7.821E-10
 7.826E-10 7.825E-10 7.823E-10 7.821E-10 7.819E-10 7.817E-10 7.816E-10 7.814E-10
 7.812E-10 7.810E-10 7.808E-10 7.757E-10 7.753E-10 7.757E-10 7.758E-10 7.759E-10
 7.763E-10 7.766E-10 7.770E-10 7.774E-10 7.778E-10 7.782E-10 7.786E-10 7.790E-10
 7.795E-10
 7.813E-10 7.812E-10 7.810E-10 7.807E-10 7.805E-10 7.803E-10 7.801E-10 7.799E-10
 7.797E-10 7.795E-10 7.792E-10 7.737E-10 7.732E-10 7.735E-10 7.736E-10 7.737E-10
 7.740E-10 7.744E-10 7.747E-10 7.751E-10 7.755E-10 7.759E-10 7.763E-10 7.768E-10
 7.772E-10
 7.801E-10 7.800E-10 7.797E-10 7.795E-10 7.792E-10 7.790E-10 7.788E-10 7.785E-10
 7.783E-10 7.781E-10 7.779E-10 7.719E-10 7.714E-10 7.716E-10 7.716E-10 7.717E-10
 7.720E-10 7.724E-10 7.727E-10 7.731E-10 7.735E-10 7.739E-10 7.743E-10 7.748E-10
 7.752E-10
 7.791E-10 7.789E-10 7.787E-10 7.784E-10 7.781E-10 7.778E-10 7.776E-10 7.773E-10
 7.771E-10 7.769E-10 7.766E-10 7.704E-10 7.697E-10 7.700E-10 7.699E-10 7.699E-10
 7.702E-10 7.706E-10 7.710E-10 7.713E-10 7.717E-10 7.722E-10 7.726E-10 7.730E-10
 7.735E-10
 7.719E-10 7.717E-10 7.712E-10 7.708E-10 7.704E-10 7.700E-10 7.696E-10 7.693E-10
 7.689E-10 7.686E-10 7.682E-10 7.606E-10 7.594E-10 7.596E-10 7.592E-10 7.590E-10
 7.594E-10 7.599E-10 7.604E-10 7.608E-10 7.614E-10 7.619E-10 7.624E-10 7.630E-10
 7.636E-10
 7.678E-10 7.675E-10 7.670E-10 7.665E-10 7.661E-10 7.656E-10 7.652E-10 7.648E-10
 7.645E-10 7.641E-10 7.637E-10 7.559E-10 7.545E-10 7.547E-10 7.541E-10 7.539E-10
 7.544E-10 7.550E-10 7.556E-10 7.562E-10 7.568E-10 7.574E-10 7.581E-10 7.588E-10
 7.595E-10
 7.651E-10 7.648E-10 7.643E-10 7.638E-10 7.634E-10 7.629E-10 7.625E-10 7.621E-10
 7.617E-10 7.614E-10 7.610E-10 7.533E-10 7.518E-10 7.522E-10 7.514E-10 7.511E-10
 7.517E-10 7.524E-10 7.531E-10 7.538E-10 7.545E-10 7.553E-10 7.561E-10 7.568E-10
 7.576E-10
 7.634E-10 7.631E-10 7.626E-10 7.621E-10 7.616E-10 7.612E-10 7.608E-10 7.604E-10
 7.600E-10 7.597E-10 7.593E-10 7.519E-10 7.504E-10 7.508E-10 7.499E-10 7.495E-10
 7.502E-10 7.511E-10 7.519E-10 7.527E-10 7.535E-10 7.543E-10 7.552E-10 7.561E-10
 7.570E-10
 7.623E-10 7.620E-10 7.615E-10 7.610E-10 7.606E-10 7.601E-10 7.597E-10 7.594E-10
 7.590E-10 7.587E-10 7.583E-10 7.511E-10 7.497E-10 7.503E-10 7.491E-10 7.487E-10
 7.495E-10 7.504E-10 7.514E-10 7.522E-10 7.531E-10 7.541E-10 7.551E-10 7.560E-10
 7.570E-10
 7.616E-10 7.613E-10 7.608E-10 7.604E-10 7.599E-10 7.595E-10 7.591E-10 7.588E-10
 7.585E-10 7.581E-10 7.578E-10 7.509E-10 7.496E-10 7.501E-10 7.489E-10 7.484E-10
 7.493E-10 7.503E-10 7.513E-10 7.523E-10 7.533E-10 7.543E-10 7.554E-10 7.565E-10
 7.575E-10
 7.613E-10 7.610E-10 7.605E-10 7.601E-10 7.597E-10 7.593E-10 7.589E-10 7.586E-10
 7.582E-10 7.579E-10 7.576E-10 7.509E-10 7.497E-10 7.504E-10 7.489E-10 7.484E-10
 7.494E-10 7.505E-10 7.516E-10 7.527E-10 7.537E-10 7.549E-10 7.560E-10 7.572E-10
 7.584E-10
 7.612E-10 7.609E-10 7.605E-10 7.600E-10 7.596E-10 7.593E-10 7.589E-10 7.586E-10
 7.583E-10 7.580E-10 7.577E-10 7.513E-10 7.501E-10 7.508E-10 7.493E-10 7.487E-10
 7.498E-10 7.510E-10 7.522E-10 7.533E-10 7.544E-10 7.556E-10 7.569E-10 7.582E-10
 7.594E-10
 7.613E-10 7.611E-10 7.606E-10 7.602E-10 7.598E-10 7.594E-10 7.591E-10 7.588E-10
 7.585E-10 7.582E-10 7.579E-10 7.518E-10 7.507E-10 7.515E-10 7.498E-10 7.492E-10
 7.504E-10 7.517E-10 7.530E-10 7.541E-10 7.553E-10 7.566E-10 7.579E-10 7.593E-10
 7.606E-10
 7.683E-10 7.681E-10 7.677E-10 7.674E-10 7.672E-10 7.669E-10 7.667E-10 7.665E-10
 7.663E-10 7.661E-10 7.660E-10 7.616E-10 7.613E-10 7.628E-10 7.601E-10 7.595E-10
 7.614E-10 7.635E-10 7.655E-10 7.671E-10 7.688E-10 7.709E-10 7.730E-10 7.751E-10
 7.773E-10
 7.794E-10 7.792E-10 7.790E-10 7.788E-10 7.786E-10 7.784E-10 7.783E-10 7.781E-10
 7.780E-10 7.779E-10 7.779E-10 7.746E-10 7.750E-10 7.771E-10 7.739E-10 7.735E-10
 7.761E-10 7.789E-10 7.816E-10 7.834E-10 7.853E-10 7.881E-10 7.909E-10 7.938E-10
 7.967E-10
 7.919E-10 7.918E-10 7.916E-10 7.914E-10 7.913E-10 7.912E-10 7.911E-10 7.910E-10
 7.910E-10 7.910E-10 7.909E-10 7.886E-10 7.896E-10 7.922E-10 7.888E-10 7.888E-10
 7.921E-10 7.955E-10 7.989E-10 8.006E-10 8.026E-10 8.060E-10 8.095E-10 8.131E-10
 8.166E-10
 8.050E-10 8.049E-10 8.048E-10 8.047E-10 8.046E-10 8.045E-10 8.045E-10 8.045E-10
 8.045E-10 8.045E-10 8.045E-10 8.029E-10 8.045E-10 8.076E-10 8.042E-10 8.046E-10
 8.085E-10 8.126E-10 8.166E-10 8.180E-10 8.199E-10 8.239E-10 8.281E-10 8.323E-10
 8.365E-10
 8.184E-10 8.183E-10 8.182E-10 8.181E-10 8.181E-10 8.181E-10 8.181E-10 8.181E-10
 8.182E-10 8.183E-10 8.184E-10 8.173E-10 8.195E-10 8.231E-10 8.197E-10 8.206E-10
 8.251E-10 8.298E-10 8.344E-10 8.354E-10 8.371E-10 8.416E-10 8.464E-10 8.513E-10
 8.561E-10
 8.319E-10 8.318E-10 8.318E-10 8.317E-10 8.317E-10 8.318E-10 8.318E-10 8.319E-10
 8.320E-10 8.321E-10 8.322E-10 8.318E-10 8.345E-10 8.386E-10 8.353E-10 8.367E-10
 8.418E-10 8.471E-10 8.522E-10 8.527E-10 8.539E-10 8.590E-10 8.644E-10 8.698E-10
 8.753E-10
--------------------------------------------------------------------------------
   20 /EREF=3.000E+03 /NREF=3.000E+12
--------------------------------------------------------------------------------
 1.000E+01 2.000E+01 3.000E+01 4.000E+01 5.000E+01 6.000E+01 7.000E+01 8.000E+01
 8.966E+01 1.000E+02 2.000E+02 3.000E+02 4.000E+02 5.000E+02 6.000E+02 7.000E+02
 8.000E+02 8.966E+02 1.000E+03 2.000E+03
--------------------------------------------------------------------------------
 1.835E-10 4.445E-10 5.800E-10 6.535E-10 6.964E-10 7.225E-10 7.384E-10 7.477E-10
 7.526E-10 7.545E-10 7.176E-10 6.680E-10 6.251E-10 5.889E-10 5.581E-10 5.317E-10
 5.088E-10 4.888E-10 4.711E-10 3.625E-10
--------------------------------------------------------------------------------
C
C
C     ADAS FILE TYPE : 	ADF21
C     SOURCE FILE    :  /home/anderson/adas/adf26/bnl99#he/bnl99#he_li3.dat         
C
C     USER ID	     :  anderson        
C
--------------------------------------------------------------------------------
 
C---------------------------------------------------------------------------------
C ADAS ADF21/bms99#he_slow DATA - SCCS info: @(#)$Header: /u/xshare/Attic/repos/codesys/source/adas/data/adf21/bms99#he_slow/gcrc21/gcrc21#he_li3.dat,v 1.1 2009-07-30 05:39:57 Marina Gorelenkova Exp $ Date $Date: 2009-07-30 05:39:57 $
C---------------------------------------------------------------------------------
