    5 /GCRC4=7.513E-10 /SPEC=B  /DATE=06/01/99 /CODE=ADAS313
--------------------------------------------------------------------------------
   25   25 /TREF=1.000E+02
--------------------------------------------------------------------------------
 5.000E+01 1.000E+02 2.000E+02 3.000E+02 4.000E+02 5.000E+02 6.000E+02 7.000E+02
 8.000E+02 9.000E+02 1.000E+03 2.000E+03 3.000E+03 4.000E+03 5.000E+03 6.000E+03
 7.000E+03 8.000E+03 9.000E+03 1.000E+04 1.100E+04 1.200E+04 1.300E+04 1.400E+04
 1.500E+04
 1.000E+11 2.000E+11 3.000E+11 4.000E+11 5.000E+11 6.000E+11 7.000E+11 8.000E+11
 9.000E+11 1.000E+12 2.000E+12 3.000E+12 4.000E+12 5.000E+12 6.000E+12 7.000E+12
 8.000E+12 9.000E+12 1.000E+13 2.000E+13 3.000E+13 4.000E+13 5.000E+13 6.000E+13
 7.000E+13
--------------------------------------------------------------------------------
 7.974E-10 7.976E-10 7.980E-10 7.982E-10 7.983E-10 7.984E-10 7.985E-10 7.986E-10
 7.986E-10 7.987E-10 7.987E-10 7.981E-10 7.993E-10 8.003E-10 8.010E-10 8.016E-10
 8.021E-10 8.027E-10 8.031E-10 8.036E-10 8.040E-10 8.044E-10 8.049E-10 8.053E-10
 8.057E-10
 7.916E-10 7.916E-10 7.916E-10 7.916E-10 7.916E-10 7.916E-10 7.916E-10 7.916E-10
 7.916E-10 7.916E-10 7.915E-10 7.892E-10 7.900E-10 7.909E-10 7.914E-10 7.919E-10
 7.924E-10 7.929E-10 7.934E-10 7.938E-10 7.942E-10 7.945E-10 7.949E-10 7.953E-10
 7.957E-10
 7.882E-10 7.881E-10 7.880E-10 7.879E-10 7.879E-10 7.878E-10 7.877E-10 7.877E-10
 7.876E-10 7.876E-10 7.875E-10 7.838E-10 7.843E-10 7.850E-10 7.855E-10 7.859E-10
 7.863E-10 7.868E-10 7.871E-10 7.875E-10 7.879E-10 7.882E-10 7.886E-10 7.889E-10
 7.893E-10
 7.858E-10 7.856E-10 7.855E-10 7.854E-10 7.853E-10 7.852E-10 7.851E-10 7.850E-10
 7.849E-10 7.848E-10 7.847E-10 7.799E-10 7.801E-10 7.808E-10 7.811E-10 7.814E-10
 7.818E-10 7.822E-10 7.825E-10 7.828E-10 7.832E-10 7.835E-10 7.838E-10 7.842E-10
 7.845E-10
 7.839E-10 7.837E-10 7.835E-10 7.834E-10 7.832E-10 7.831E-10 7.830E-10 7.828E-10
 7.827E-10 7.826E-10 7.825E-10 7.768E-10 7.767E-10 7.773E-10 7.775E-10 7.777E-10
 7.781E-10 7.785E-10 7.788E-10 7.791E-10 7.794E-10 7.797E-10 7.801E-10 7.804E-10
 7.807E-10
 7.823E-10 7.821E-10 7.819E-10 7.817E-10 7.815E-10 7.814E-10 7.812E-10 7.811E-10
 7.809E-10 7.808E-10 7.806E-10 7.742E-10 7.739E-10 7.745E-10 7.746E-10 7.747E-10
 7.751E-10 7.754E-10 7.757E-10 7.760E-10 7.763E-10 7.766E-10 7.769E-10 7.772E-10
 7.775E-10
 7.809E-10 7.807E-10 7.805E-10 7.803E-10 7.801E-10 7.799E-10 7.797E-10 7.796E-10
 7.794E-10 7.792E-10 7.791E-10 7.720E-10 7.716E-10 7.721E-10 7.721E-10 7.721E-10
 7.725E-10 7.728E-10 7.731E-10 7.734E-10 7.737E-10 7.740E-10 7.743E-10 7.746E-10
 7.749E-10
 7.797E-10 7.795E-10 7.793E-10 7.790E-10 7.788E-10 7.786E-10 7.784E-10 7.782E-10
 7.780E-10 7.778E-10 7.777E-10 7.701E-10 7.695E-10 7.700E-10 7.699E-10 7.699E-10
 7.702E-10 7.705E-10 7.708E-10 7.711E-10 7.714E-10 7.717E-10 7.720E-10 7.723E-10
 7.726E-10
 7.786E-10 7.784E-10 7.781E-10 7.779E-10 7.777E-10 7.774E-10 7.772E-10 7.770E-10
 7.768E-10 7.766E-10 7.764E-10 7.684E-10 7.677E-10 7.681E-10 7.679E-10 7.679E-10
 7.682E-10 7.685E-10 7.688E-10 7.691E-10 7.694E-10 7.697E-10 7.700E-10 7.703E-10
 7.706E-10
 7.777E-10 7.774E-10 7.771E-10 7.769E-10 7.766E-10 7.764E-10 7.762E-10 7.759E-10
 7.757E-10 7.755E-10 7.753E-10 7.669E-10 7.661E-10 7.665E-10 7.662E-10 7.661E-10
 7.664E-10 7.667E-10 7.670E-10 7.673E-10 7.676E-10 7.679E-10 7.683E-10 7.686E-10
 7.689E-10
 7.708E-10 7.706E-10 7.702E-10 7.698E-10 7.695E-10 7.692E-10 7.689E-10 7.686E-10
 7.683E-10 7.680E-10 7.677E-10 7.575E-10 7.561E-10 7.564E-10 7.556E-10 7.552E-10
 7.555E-10 7.559E-10 7.563E-10 7.566E-10 7.570E-10 7.574E-10 7.578E-10 7.582E-10
 7.586E-10
 7.669E-10 7.666E-10 7.662E-10 7.658E-10 7.654E-10 7.651E-10 7.647E-10 7.644E-10
 7.641E-10 7.638E-10 7.635E-10 7.531E-10 7.513E-10 7.517E-10 7.505E-10 7.499E-10
 7.503E-10 7.508E-10 7.513E-10 7.517E-10 7.522E-10 7.527E-10 7.532E-10 7.537E-10
 7.542E-10
 7.644E-10 7.641E-10 7.637E-10 7.633E-10 7.629E-10 7.625E-10 7.622E-10 7.618E-10
 7.615E-10 7.612E-10 7.609E-10 7.506E-10 7.489E-10 7.492E-10 7.477E-10 7.469E-10
 7.474E-10 7.480E-10 7.486E-10 7.491E-10 7.496E-10 7.502E-10 7.508E-10 7.514E-10
 7.520E-10
 7.627E-10 7.625E-10 7.620E-10 7.616E-10 7.613E-10 7.609E-10 7.606E-10 7.602E-10
 7.599E-10 7.596E-10 7.593E-10 7.493E-10 7.476E-10 7.480E-10 7.461E-10 7.452E-10
 7.458E-10 7.464E-10 7.471E-10 7.477E-10 7.483E-10 7.489E-10 7.496E-10 7.503E-10
 7.510E-10
 7.617E-10 7.614E-10 7.610E-10 7.606E-10 7.603E-10 7.599E-10 7.596E-10 7.593E-10
 7.589E-10 7.586E-10 7.583E-10 7.487E-10 7.470E-10 7.475E-10 7.452E-10 7.442E-10
 7.449E-10 7.456E-10 7.463E-10 7.470E-10 7.476E-10 7.484E-10 7.491E-10 7.499E-10
 7.506E-10
 7.611E-10 7.608E-10 7.604E-10 7.600E-10 7.597E-10 7.594E-10 7.590E-10 7.587E-10
 7.584E-10 7.581E-10 7.578E-10 7.485E-10 7.469E-10 7.474E-10 7.448E-10 7.437E-10
 7.445E-10 7.453E-10 7.461E-10 7.467E-10 7.474E-10 7.483E-10 7.491E-10 7.499E-10
 7.507E-10
 7.608E-10 7.605E-10 7.601E-10 7.598E-10 7.594E-10 7.591E-10 7.588E-10 7.585E-10
 7.582E-10 7.579E-10 7.577E-10 7.487E-10 7.471E-10 7.476E-10 7.448E-10 7.436E-10
 7.444E-10 7.453E-10 7.462E-10 7.469E-10 7.476E-10 7.485E-10 7.494E-10 7.503E-10
 7.512E-10
 7.607E-10 7.605E-10 7.601E-10 7.598E-10 7.594E-10 7.591E-10 7.588E-10 7.585E-10
 7.583E-10 7.580E-10 7.577E-10 7.491E-10 7.475E-10 7.481E-10 7.450E-10 7.437E-10
 7.446E-10 7.456E-10 7.465E-10 7.472E-10 7.480E-10 7.490E-10 7.499E-10 7.509E-10
 7.519E-10
 7.609E-10 7.607E-10 7.603E-10 7.600E-10 7.596E-10 7.593E-10 7.590E-10 7.588E-10
 7.585E-10 7.582E-10 7.580E-10 7.496E-10 7.481E-10 7.488E-10 7.455E-10 7.441E-10
 7.450E-10 7.460E-10 7.470E-10 7.478E-10 7.486E-10 7.496E-10 7.506E-10 7.517E-10
 7.527E-10
 7.680E-10 7.678E-10 7.675E-10 7.673E-10 7.671E-10 7.668E-10 7.666E-10 7.665E-10
 7.663E-10 7.661E-10 7.660E-10 7.596E-10 7.588E-10 7.599E-10 7.547E-10 7.530E-10
 7.545E-10 7.560E-10 7.576E-10 7.583E-10 7.593E-10 7.608E-10 7.624E-10 7.641E-10
 7.657E-10
 7.791E-10 7.790E-10 7.788E-10 7.786E-10 7.784E-10 7.783E-10 7.782E-10 7.780E-10
 7.779E-10 7.778E-10 7.777E-10 7.726E-10 7.723E-10 7.738E-10 7.675E-10 7.659E-10
 7.679E-10 7.699E-10 7.719E-10 7.723E-10 7.730E-10 7.751E-10 7.772E-10 7.793E-10
 7.815E-10
 7.917E-10 7.916E-10 7.914E-10 7.913E-10 7.911E-10 7.910E-10 7.909E-10 7.909E-10
 7.908E-10 7.907E-10 7.907E-10 7.864E-10 7.866E-10 7.884E-10 7.815E-10 7.802E-10
 7.826E-10 7.851E-10 7.876E-10 7.872E-10 7.875E-10 7.900E-10 7.926E-10 7.952E-10
 7.979E-10
 8.048E-10 8.047E-10 8.046E-10 8.045E-10 8.044E-10 8.043E-10 8.043E-10 8.042E-10
 8.042E-10 8.042E-10 8.042E-10 8.005E-10 8.012E-10 8.033E-10 7.960E-10 7.951E-10
 7.979E-10 8.008E-10 8.037E-10 8.024E-10 8.020E-10 8.050E-10 8.080E-10 8.111E-10
 8.142E-10
 8.182E-10 8.181E-10 8.180E-10 8.180E-10 8.179E-10 8.179E-10 8.178E-10 8.178E-10
 8.178E-10 8.178E-10 8.179E-10 8.148E-10 8.158E-10 8.183E-10 8.108E-10 8.102E-10
 8.134E-10 8.168E-10 8.201E-10 8.175E-10 8.163E-10 8.197E-10 8.231E-10 8.266E-10
 8.301E-10
 8.317E-10 8.317E-10 8.316E-10 8.315E-10 8.315E-10 8.315E-10 8.315E-10 8.315E-10
 8.315E-10 8.316E-10 8.316E-10 8.290E-10 8.304E-10 8.333E-10 8.256E-10 8.254E-10
 8.290E-10 8.328E-10 8.365E-10 8.325E-10 8.303E-10 8.340E-10 8.378E-10 8.417E-10
 8.457E-10
--------------------------------------------------------------------------------
   20 /EREF=3.000E+03 /NREF=3.000E+12
--------------------------------------------------------------------------------
 1.000E+01 2.000E+01 3.000E+01 4.000E+01 5.000E+01 6.000E+01 7.000E+01 8.000E+01
 8.966E+01 1.000E+02 2.000E+02 3.000E+02 4.000E+02 5.000E+02 6.000E+02 7.000E+02
 8.000E+02 8.966E+02 1.000E+03 2.000E+03
--------------------------------------------------------------------------------
 1.831E-10 4.432E-10 5.781E-10 6.512E-10 6.938E-10 7.197E-10 7.355E-10 7.447E-10
 7.495E-10 7.513E-10 7.142E-10 6.647E-10 6.219E-10 5.858E-10 5.551E-10 5.287E-10
 5.059E-10 4.859E-10 4.683E-10 3.600E-10
--------------------------------------------------------------------------------
C
C
C     ADAS FILE TYPE : 	ADF21
C     SOURCE FILE    :  /home/anderson/adas/adf26/bnl99#he/bnl99#he_b5.dat          
C
C     USER ID	     :  anderson        
C
--------------------------------------------------------------------------------
 
C---------------------------------------------------------------------------------
C ADAS ADF21/bms99#he_slow DATA - SCCS info: @(#)$Header: /u/xshare/Attic/repos/codesys/source/adas/data/adf21/bms99#he_slow/gcrc21/gcrc21#he_b5.dat,v 1.1 2009-07-30 05:39:57 Marina Gorelenkova Exp $ Date $Date: 2009-07-30 05:39:57 $
C---------------------------------------------------------------------------------
