    6 /GCRC4=7.502E-10 /SPEC=C  /DATE=06/01/99 /CODE=ADAS313
--------------------------------------------------------------------------------
   25   25 /TREF=1.000E+02
--------------------------------------------------------------------------------
 5.000E+01 1.000E+02 2.000E+02 3.000E+02 4.000E+02 5.000E+02 6.000E+02 7.000E+02
 8.000E+02 9.000E+02 1.000E+03 2.000E+03 3.000E+03 4.000E+03 5.000E+03 6.000E+03
 7.000E+03 8.000E+03 9.000E+03 1.000E+04 1.100E+04 1.200E+04 1.300E+04 1.400E+04
 1.500E+04
 1.000E+11 2.000E+11 3.000E+11 4.000E+11 5.000E+11 6.000E+11 7.000E+11 8.000E+11
 9.000E+11 1.000E+12 2.000E+12 3.000E+12 4.000E+12 5.000E+12 6.000E+12 7.000E+12
 8.000E+12 9.000E+12 1.000E+13 2.000E+13 3.000E+13 4.000E+13 5.000E+13 6.000E+13
 7.000E+13
--------------------------------------------------------------------------------
 7.963E-10 7.965E-10 7.967E-10 7.969E-10 7.970E-10 7.971E-10 7.971E-10 7.972E-10
 7.972E-10 7.973E-10 7.973E-10 7.965E-10 7.976E-10 7.987E-10 7.995E-10 8.001E-10
 8.007E-10 8.012E-10 8.017E-10 8.021E-10 8.025E-10 8.029E-10 8.033E-10 8.037E-10
 8.041E-10
 7.907E-10 7.906E-10 7.906E-10 7.905E-10 7.905E-10 7.905E-10 7.905E-10 7.904E-10
 7.904E-10 7.904E-10 7.904E-10 7.876E-10 7.884E-10 7.893E-10 7.899E-10 7.904E-10
 7.910E-10 7.914E-10 7.919E-10 7.923E-10 7.927E-10 7.930E-10 7.934E-10 7.937E-10
 7.941E-10
 7.874E-10 7.873E-10 7.871E-10 7.870E-10 7.869E-10 7.869E-10 7.868E-10 7.867E-10
 7.867E-10 7.866E-10 7.865E-10 7.823E-10 7.827E-10 7.835E-10 7.840E-10 7.844E-10
 7.849E-10 7.853E-10 7.857E-10 7.860E-10 7.864E-10 7.867E-10 7.870E-10 7.874E-10
 7.877E-10
 7.850E-10 7.849E-10 7.847E-10 7.845E-10 7.844E-10 7.843E-10 7.842E-10 7.841E-10
 7.840E-10 7.839E-10 7.838E-10 7.784E-10 7.785E-10 7.793E-10 7.796E-10 7.799E-10
 7.803E-10 7.807E-10 7.810E-10 7.814E-10 7.817E-10 7.820E-10 7.823E-10 7.826E-10
 7.829E-10
 7.832E-10 7.830E-10 7.828E-10 7.826E-10 7.825E-10 7.823E-10 7.822E-10 7.821E-10
 7.820E-10 7.819E-10 7.817E-10 7.753E-10 7.752E-10 7.759E-10 7.761E-10 7.763E-10
 7.767E-10 7.770E-10 7.773E-10 7.776E-10 7.779E-10 7.782E-10 7.785E-10 7.788E-10
 7.791E-10
 7.817E-10 7.815E-10 7.812E-10 7.810E-10 7.809E-10 7.807E-10 7.806E-10 7.804E-10
 7.803E-10 7.801E-10 7.800E-10 7.728E-10 7.725E-10 7.731E-10 7.731E-10 7.733E-10
 7.736E-10 7.740E-10 7.743E-10 7.746E-10 7.748E-10 7.751E-10 7.754E-10 7.757E-10
 7.760E-10
 7.804E-10 7.801E-10 7.799E-10 7.797E-10 7.795E-10 7.793E-10 7.791E-10 7.790E-10
 7.788E-10 7.786E-10 7.785E-10 7.706E-10 7.701E-10 7.707E-10 7.706E-10 7.707E-10
 7.710E-10 7.714E-10 7.717E-10 7.719E-10 7.722E-10 7.725E-10 7.728E-10 7.730E-10
 7.733E-10
 7.792E-10 7.790E-10 7.787E-10 7.784E-10 7.782E-10 7.780E-10 7.779E-10 7.777E-10
 7.775E-10 7.773E-10 7.772E-10 7.687E-10 7.681E-10 7.686E-10 7.684E-10 7.685E-10
 7.688E-10 7.691E-10 7.694E-10 7.696E-10 7.699E-10 7.702E-10 7.705E-10 7.708E-10
 7.710E-10
 7.781E-10 7.779E-10 7.776E-10 7.774E-10 7.771E-10 7.769E-10 7.767E-10 7.765E-10
 7.763E-10 7.761E-10 7.760E-10 7.670E-10 7.663E-10 7.667E-10 7.665E-10 7.665E-10
 7.668E-10 7.671E-10 7.674E-10 7.676E-10 7.679E-10 7.682E-10 7.685E-10 7.688E-10
 7.691E-10
 7.772E-10 7.769E-10 7.766E-10 7.764E-10 7.761E-10 7.759E-10 7.757E-10 7.755E-10
 7.753E-10 7.751E-10 7.749E-10 7.655E-10 7.646E-10 7.651E-10 7.648E-10 7.647E-10
 7.650E-10 7.653E-10 7.656E-10 7.659E-10 7.662E-10 7.665E-10 7.667E-10 7.670E-10
 7.673E-10
 7.705E-10 7.702E-10 7.699E-10 7.695E-10 7.692E-10 7.689E-10 7.686E-10 7.683E-10
 7.680E-10 7.678E-10 7.675E-10 7.563E-10 7.548E-10 7.551E-10 7.542E-10 7.537E-10
 7.541E-10 7.544E-10 7.548E-10 7.551E-10 7.555E-10 7.559E-10 7.562E-10 7.566E-10
 7.570E-10
 7.666E-10 7.663E-10 7.659E-10 7.656E-10 7.652E-10 7.649E-10 7.646E-10 7.643E-10
 7.640E-10 7.637E-10 7.634E-10 7.519E-10 7.502E-10 7.505E-10 7.491E-10 7.484E-10
 7.488E-10 7.493E-10 7.497E-10 7.501E-10 7.505E-10 7.510E-10 7.515E-10 7.519E-10
 7.524E-10
 7.641E-10 7.638E-10 7.634E-10 7.631E-10 7.627E-10 7.624E-10 7.621E-10 7.618E-10
 7.615E-10 7.612E-10 7.609E-10 7.496E-10 7.477E-10 7.482E-10 7.462E-10 7.453E-10
 7.458E-10 7.464E-10 7.469E-10 7.474E-10 7.479E-10 7.484E-10 7.490E-10 7.495E-10
 7.501E-10
 7.625E-10 7.622E-10 7.618E-10 7.615E-10 7.611E-10 7.608E-10 7.605E-10 7.602E-10
 7.599E-10 7.596E-10 7.593E-10 7.484E-10 7.465E-10 7.470E-10 7.446E-10 7.436E-10
 7.441E-10 7.448E-10 7.454E-10 7.459E-10 7.464E-10 7.471E-10 7.477E-10 7.483E-10
 7.489E-10
 7.614E-10 7.612E-10 7.608E-10 7.605E-10 7.602E-10 7.598E-10 7.595E-10 7.592E-10
 7.589E-10 7.586E-10 7.584E-10 7.478E-10 7.460E-10 7.465E-10 7.438E-10 7.425E-10
 7.432E-10 7.439E-10 7.446E-10 7.451E-10 7.457E-10 7.464E-10 7.471E-10 7.478E-10
 7.484E-10
 7.608E-10 7.606E-10 7.603E-10 7.599E-10 7.596E-10 7.593E-10 7.590E-10 7.587E-10
 7.584E-10 7.581E-10 7.579E-10 7.477E-10 7.459E-10 7.464E-10 7.434E-10 7.420E-10
 7.427E-10 7.435E-10 7.442E-10 7.448E-10 7.454E-10 7.462E-10 7.469E-10 7.477E-10
 7.484E-10
 7.606E-10 7.604E-10 7.600E-10 7.597E-10 7.594E-10 7.591E-10 7.588E-10 7.585E-10
 7.582E-10 7.580E-10 7.577E-10 7.478E-10 7.461E-10 7.467E-10 7.433E-10 7.418E-10
 7.426E-10 7.434E-10 7.442E-10 7.448E-10 7.455E-10 7.463E-10 7.471E-10 7.479E-10
 7.488E-10
 7.605E-10 7.603E-10 7.600E-10 7.597E-10 7.594E-10 7.591E-10 7.588E-10 7.585E-10
 7.583E-10 7.580E-10 7.578E-10 7.482E-10 7.466E-10 7.472E-10 7.435E-10 7.419E-10
 7.427E-10 7.436E-10 7.445E-10 7.451E-10 7.458E-10 7.467E-10 7.476E-10 7.484E-10
 7.493E-10
 7.607E-10 7.605E-10 7.602E-10 7.599E-10 7.596E-10 7.593E-10 7.590E-10 7.588E-10
 7.585E-10 7.583E-10 7.580E-10 7.488E-10 7.473E-10 7.479E-10 7.439E-10 7.422E-10
 7.431E-10 7.440E-10 7.450E-10 7.456E-10 7.463E-10 7.472E-10 7.482E-10 7.491E-10
 7.500E-10
 7.678E-10 7.677E-10 7.675E-10 7.672E-10 7.670E-10 7.668E-10 7.666E-10 7.665E-10
 7.663E-10 7.661E-10 7.660E-10 7.589E-10 7.580E-10 7.590E-10 7.528E-10 7.508E-10
 7.521E-10 7.536E-10 7.550E-10 7.554E-10 7.561E-10 7.575E-10 7.590E-10 7.604E-10
 7.619E-10
 7.790E-10 7.789E-10 7.787E-10 7.786E-10 7.784E-10 7.783E-10 7.781E-10 7.780E-10
 7.779E-10 7.778E-10 7.777E-10 7.719E-10 7.715E-10 7.728E-10 7.654E-10 7.635E-10
 7.652E-10 7.670E-10 7.689E-10 7.687E-10 7.690E-10 7.708E-10 7.727E-10 7.746E-10
 7.765E-10
 7.916E-10 7.915E-10 7.914E-10 7.912E-10 7.911E-10 7.910E-10 7.909E-10 7.908E-10
 7.907E-10 7.907E-10 7.906E-10 7.857E-10 7.857E-10 7.873E-10 7.791E-10 7.775E-10
 7.796E-10 7.819E-10 7.841E-10 7.830E-10 7.826E-10 7.848E-10 7.871E-10 7.894E-10
 7.918E-10
 8.047E-10 8.047E-10 8.045E-10 8.044E-10 8.044E-10 8.043E-10 8.042E-10 8.042E-10
 8.041E-10 8.041E-10 8.041E-10 7.998E-10 8.002E-10 8.021E-10 7.934E-10 7.922E-10
 7.946E-10 7.972E-10 7.998E-10 7.974E-10 7.962E-10 7.988E-10 8.015E-10 8.042E-10
 8.069E-10
 8.181E-10 8.181E-10 8.180E-10 8.179E-10 8.179E-10 8.178E-10 8.178E-10 8.178E-10
 8.177E-10 8.177E-10 8.177E-10 8.140E-10 8.148E-10 8.170E-10 8.080E-10 8.071E-10
 8.099E-10 8.129E-10 8.158E-10 8.118E-10 8.096E-10 8.125E-10 8.155E-10 8.186E-10
 8.217E-10
 8.317E-10 8.316E-10 8.315E-10 8.315E-10 8.314E-10 8.314E-10 8.314E-10 8.314E-10
 8.314E-10 8.315E-10 8.315E-10 8.282E-10 8.293E-10 8.318E-10 8.226E-10 8.220E-10
 8.252E-10 8.285E-10 8.318E-10 8.260E-10 8.226E-10 8.258E-10 8.292E-10 8.326E-10
 8.361E-10
--------------------------------------------------------------------------------
   20 /EREF=3.000E+03 /NREF=3.000E+12
--------------------------------------------------------------------------------
 1.000E+01 2.000E+01 3.000E+01 4.000E+01 5.000E+01 6.000E+01 7.000E+01 8.000E+01
 8.966E+01 1.000E+02 2.000E+02 3.000E+02 4.000E+02 5.000E+02 6.000E+02 7.000E+02
 8.000E+02 8.966E+02 1.000E+03 2.000E+03
--------------------------------------------------------------------------------
 1.829E-10 4.427E-10 5.774E-10 6.504E-10 6.928E-10 7.187E-10 7.344E-10 7.436E-10
 7.484E-10 7.502E-10 7.130E-10 6.635E-10 6.207E-10 5.846E-10 5.539E-10 5.276E-10
 5.048E-10 4.848E-10 4.672E-10 3.591E-10
--------------------------------------------------------------------------------
C
C
C     ADAS FILE TYPE : 	ADF21
C     SOURCE FILE    :  /home/anderson/adas/adf26/bnl99#he/bnl99#he_c6.dat          
C
C     USER ID	     :  anderson        
C
--------------------------------------------------------------------------------
 
C---------------------------------------------------------------------------------
C ADAS ADF21/bms99#he_slow DATA - SCCS info: @(#)$Header: /u/xshare/Attic/repos/codesys/source/adas/data/adf21/bms99#he_slow/gcrc21/gcrc21#he_c6.dat,v 1.1 2009-07-30 05:39:57 Marina Gorelenkova Exp $ Date $Date: 2009-07-30 05:39:57 $
C---------------------------------------------------------------------------------
