    2 /GCRC5=2.153E-06 /SPEC=HE /DATE=06/01/99 /CODE=ADAS313
--------------------------------------------------------------------------------
   25   25 /TREF=1.000E+02
--------------------------------------------------------------------------------
 5.000E+01 1.000E+02 2.000E+02 3.000E+02 4.000E+02 5.000E+02 6.000E+02 7.000E+02
 8.000E+02 9.000E+02 1.000E+03 2.000E+03 3.000E+03 4.000E+03 5.000E+03 6.000E+03
 7.000E+03 8.000E+03 9.000E+03 1.000E+04 1.100E+04 1.200E+04 1.300E+04 1.400E+04
 1.500E+04
 1.000E+11 2.000E+11 3.000E+11 4.000E+11 5.000E+11 6.000E+11 7.000E+11 8.000E+11
 9.000E+11 1.000E+12 2.000E+12 3.000E+12 4.000E+12 5.000E+12 6.000E+12 7.000E+12
 8.000E+12 9.000E+12 1.000E+13 2.000E+13 3.000E+13 4.000E+13 5.000E+13 6.000E+13
 7.000E+13
--------------------------------------------------------------------------------
 2.092E-06 2.092E-06 2.093E-06 2.095E-06 2.097E-06 2.098E-06 2.100E-06 2.102E-06
 2.104E-06 2.106E-06 2.108E-06 2.130E-06 2.154E-06 2.178E-06 2.202E-06 2.227E-06
 2.250E-06 2.276E-06 2.401E-06 2.975E-06 3.470E-06 3.566E-06 3.582E-06 3.596E-06
 3.605E-06
 2.092E-06 2.092E-06 2.093E-06 2.095E-06 2.097E-06 2.098E-06 2.100E-06 2.102E-06
 2.104E-06 2.106E-06 2.108E-06 2.130E-06 2.154E-06 2.178E-06 2.203E-06 2.227E-06
 2.251E-06 2.276E-06 2.401E-06 2.975E-06 3.470E-06 3.566E-06 3.582E-06 3.596E-06
 3.605E-06
 2.092E-06 2.092E-06 2.093E-06 2.095E-06 2.097E-06 2.098E-06 2.100E-06 2.102E-06
 2.104E-06 2.106E-06 2.108E-06 2.130E-06 2.154E-06 2.178E-06 2.203E-06 2.227E-06
 2.251E-06 2.276E-06 2.401E-06 2.975E-06 3.470E-06 3.566E-06 3.582E-06 3.596E-06
 3.605E-06
 2.091E-06 2.092E-06 2.093E-06 2.095E-06 2.096E-06 2.098E-06 2.100E-06 2.102E-06
 2.104E-06 2.106E-06 2.108E-06 2.130E-06 2.154E-06 2.178E-06 2.203E-06 2.227E-06
 2.251E-06 2.276E-06 2.401E-06 2.975E-06 3.470E-06 3.566E-06 3.582E-06 3.596E-06
 3.605E-06
 2.091E-06 2.092E-06 2.093E-06 2.095E-06 2.096E-06 2.098E-06 2.100E-06 2.102E-06
 2.104E-06 2.106E-06 2.108E-06 2.130E-06 2.154E-06 2.178E-06 2.203E-06 2.227E-06
 2.251E-06 2.276E-06 2.401E-06 2.975E-06 3.470E-06 3.566E-06 3.582E-06 3.596E-06
 3.605E-06
 2.091E-06 2.092E-06 2.093E-06 2.095E-06 2.096E-06 2.098E-06 2.100E-06 2.102E-06
 2.104E-06 2.106E-06 2.108E-06 2.130E-06 2.154E-06 2.178E-06 2.203E-06 2.227E-06
 2.251E-06 2.276E-06 2.401E-06 2.975E-06 3.470E-06 3.566E-06 3.582E-06 3.596E-06
 3.605E-06
 2.091E-06 2.092E-06 2.093E-06 2.095E-06 2.096E-06 2.098E-06 2.100E-06 2.102E-06
 2.104E-06 2.106E-06 2.108E-06 2.130E-06 2.154E-06 2.178E-06 2.202E-06 2.227E-06
 2.251E-06 2.276E-06 2.401E-06 2.975E-06 3.470E-06 3.566E-06 3.582E-06 3.596E-06
 3.605E-06
 2.091E-06 2.092E-06 2.093E-06 2.095E-06 2.096E-06 2.098E-06 2.100E-06 2.102E-06
 2.104E-06 2.106E-06 2.108E-06 2.130E-06 2.154E-06 2.178E-06 2.202E-06 2.227E-06
 2.251E-06 2.276E-06 2.401E-06 2.975E-06 3.470E-06 3.566E-06 3.582E-06 3.596E-06
 3.605E-06
 2.091E-06 2.092E-06 2.093E-06 2.095E-06 2.096E-06 2.098E-06 2.100E-06 2.102E-06
 2.103E-06 2.105E-06 2.107E-06 2.130E-06 2.154E-06 2.178E-06 2.202E-06 2.227E-06
 2.251E-06 2.276E-06 2.401E-06 2.975E-06 3.470E-06 3.566E-06 3.582E-06 3.596E-06
 3.605E-06
 2.091E-06 2.092E-06 2.093E-06 2.095E-06 2.096E-06 2.098E-06 2.100E-06 2.102E-06
 2.103E-06 2.105E-06 2.107E-06 2.130E-06 2.154E-06 2.178E-06 2.202E-06 2.227E-06
 2.251E-06 2.276E-06 2.401E-06 2.975E-06 3.470E-06 3.566E-06 3.582E-06 3.596E-06
 3.605E-06
 2.091E-06 2.091E-06 2.093E-06 2.094E-06 2.096E-06 2.097E-06 2.099E-06 2.101E-06
 2.103E-06 2.105E-06 2.107E-06 2.129E-06 2.153E-06 2.177E-06 2.202E-06 2.226E-06
 2.250E-06 2.275E-06 2.401E-06 2.975E-06 3.469E-06 3.566E-06 3.582E-06 3.596E-06
 3.605E-06
 2.090E-06 2.091E-06 2.092E-06 2.093E-06 2.095E-06 2.097E-06 2.099E-06 2.100E-06
 2.102E-06 2.104E-06 2.106E-06 2.129E-06 2.153E-06 2.177E-06 2.202E-06 2.226E-06
 2.250E-06 2.275E-06 2.401E-06 2.975E-06 3.469E-06 3.565E-06 3.582E-06 3.596E-06
 3.605E-06
 2.090E-06 2.090E-06 2.091E-06 2.093E-06 2.095E-06 2.096E-06 2.098E-06 2.100E-06
 2.102E-06 2.104E-06 2.106E-06 2.128E-06 2.152E-06 2.177E-06 2.201E-06 2.226E-06
 2.250E-06 2.275E-06 2.400E-06 2.974E-06 3.469E-06 3.565E-06 3.582E-06 3.596E-06
 3.605E-06
 2.089E-06 2.090E-06 2.091E-06 2.092E-06 2.094E-06 2.096E-06 2.098E-06 2.099E-06
 2.101E-06 2.103E-06 2.105E-06 2.128E-06 2.152E-06 2.176E-06 2.201E-06 2.225E-06
 2.249E-06 2.274E-06 2.400E-06 2.974E-06 3.469E-06 3.565E-06 3.581E-06 3.595E-06
 3.604E-06
 2.089E-06 2.089E-06 2.090E-06 2.092E-06 2.094E-06 2.095E-06 2.097E-06 2.099E-06
 2.101E-06 2.103E-06 2.105E-06 2.127E-06 2.151E-06 2.176E-06 2.201E-06 2.225E-06
 2.249E-06 2.274E-06 2.399E-06 2.974E-06 3.468E-06 3.564E-06 3.581E-06 3.595E-06
 3.604E-06
 2.088E-06 2.089E-06 2.090E-06 2.092E-06 2.093E-06 2.095E-06 2.097E-06 2.099E-06
 2.100E-06 2.102E-06 2.104E-06 2.127E-06 2.151E-06 2.175E-06 2.200E-06 2.225E-06
 2.249E-06 2.274E-06 2.399E-06 2.973E-06 3.468E-06 3.564E-06 3.581E-06 3.595E-06
 3.604E-06
 2.088E-06 2.088E-06 2.090E-06 2.091E-06 2.093E-06 2.094E-06 2.096E-06 2.098E-06
 2.100E-06 2.102E-06 2.104E-06 2.126E-06 2.150E-06 2.175E-06 2.200E-06 2.224E-06
 2.248E-06 2.273E-06 2.399E-06 2.973E-06 3.467E-06 3.564E-06 3.580E-06 3.594E-06
 3.603E-06
 2.087E-06 2.088E-06 2.089E-06 2.091E-06 2.092E-06 2.094E-06 2.096E-06 2.098E-06
 2.099E-06 2.101E-06 2.104E-06 2.126E-06 2.150E-06 2.174E-06 2.199E-06 2.224E-06
 2.248E-06 2.273E-06 2.398E-06 2.973E-06 3.467E-06 3.563E-06 3.580E-06 3.594E-06
 3.603E-06
 2.087E-06 2.087E-06 2.089E-06 2.090E-06 2.092E-06 2.093E-06 2.095E-06 2.097E-06
 2.099E-06 2.101E-06 2.103E-06 2.125E-06 2.149E-06 2.174E-06 2.199E-06 2.223E-06
 2.247E-06 2.273E-06 2.398E-06 2.972E-06 3.467E-06 3.563E-06 3.580E-06 3.593E-06
 3.603E-06
 2.082E-06 2.082E-06 2.084E-06 2.085E-06 2.087E-06 2.089E-06 2.090E-06 2.092E-06
 2.094E-06 2.096E-06 2.098E-06 2.121E-06 2.145E-06 2.169E-06 2.194E-06 2.219E-06
 2.243E-06 2.268E-06 2.394E-06 2.968E-06 3.463E-06 3.559E-06 3.576E-06 3.590E-06
 3.599E-06
 2.077E-06 2.078E-06 2.079E-06 2.081E-06 2.082E-06 2.084E-06 2.086E-06 2.088E-06
 2.090E-06 2.092E-06 2.094E-06 2.116E-06 2.140E-06 2.165E-06 2.190E-06 2.215E-06
 2.239E-06 2.264E-06 2.390E-06 2.964E-06 3.459E-06 3.555E-06 3.572E-06 3.586E-06
 3.595E-06
 2.072E-06 2.073E-06 2.074E-06 2.076E-06 2.078E-06 2.079E-06 2.081E-06 2.083E-06
 2.085E-06 2.087E-06 2.089E-06 2.111E-06 2.136E-06 2.160E-06 2.186E-06 2.210E-06
 2.234E-06 2.260E-06 2.385E-06 2.960E-06 3.455E-06 3.551E-06 3.568E-06 3.581E-06
 3.591E-06
 2.068E-06 2.068E-06 2.070E-06 2.071E-06 2.073E-06 2.075E-06 2.077E-06 2.078E-06
 2.080E-06 2.082E-06 2.084E-06 2.107E-06 2.131E-06 2.155E-06 2.181E-06 2.206E-06
 2.230E-06 2.255E-06 2.381E-06 2.956E-06 3.451E-06 3.547E-06 3.564E-06 3.577E-06
 3.587E-06
 2.063E-06 2.064E-06 2.065E-06 2.067E-06 2.068E-06 2.070E-06 2.072E-06 2.074E-06
 2.076E-06 2.078E-06 2.080E-06 2.102E-06 2.126E-06 2.151E-06 2.177E-06 2.202E-06
 2.226E-06 2.251E-06 2.377E-06 2.952E-06 3.447E-06 3.543E-06 3.560E-06 3.573E-06
 3.583E-06
 2.059E-06 2.060E-06 2.061E-06 2.062E-06 2.064E-06 2.066E-06 2.068E-06 2.069E-06
 2.071E-06 2.073E-06 2.075E-06 2.098E-06 2.122E-06 2.147E-06 2.172E-06 2.197E-06
 2.221E-06 2.247E-06 2.372E-06 2.947E-06 3.443E-06 3.539E-06 3.556E-06 3.570E-06
 3.579E-06
--------------------------------------------------------------------------------
   20 /EREF=3.000E+03 /NREF=3.000E+12
--------------------------------------------------------------------------------
 1.000E+01 2.000E+01 3.000E+01 4.000E+01 5.000E+01 6.000E+01 7.000E+01 8.000E+01
 8.966E+01 1.000E+02 2.000E+02 3.000E+02 4.000E+02 5.000E+02 6.000E+02 7.000E+02
 8.000E+02 8.966E+02 1.000E+03 2.000E+03
--------------------------------------------------------------------------------
 2.817E-06 2.816E-06 2.720E-06 2.616E-06 2.517E-06 2.428E-06 2.347E-06 2.275E-06
 2.211E-06 2.153E-06 1.776E-06 1.569E-06 1.432E-06 1.333E-06 1.256E-06 1.195E-06
 1.144E-06 1.101E-06 1.064E-06 8.557E-07
--------------------------------------------------------------------------------
C
C
C     ADAS FILE TYPE : 	ADF21
C     SOURCE FILE    :  /home/anderson/adas/adf26/bnl99#he/bnl99#he_he2.dat         
C
C     USER ID	     :  anderson        
C
--------------------------------------------------------------------------------
 
C---------------------------------------------------------------------------------
C ADAS ADF21/bms99#he_slow DATA - SCCS info: @(#)$Header: /u/xshare/Attic/repos/codesys/source/adas/data/adf21/bms99#he_slow/gcrc22/gcrc22#he_he2.dat,v 1.1 2009-07-30 05:39:32 Marina Gorelenkova Exp $ Date $Date: 2009-07-30 05:39:32 $
C---------------------------------------------------------------------------------
