    6 /GCRC5=2.118E-06 /SPEC=C  /DATE=06/01/99 /CODE=ADAS313
--------------------------------------------------------------------------------
   25   25 /TREF=1.000E+02
--------------------------------------------------------------------------------
 5.000E+01 1.000E+02 2.000E+02 3.000E+02 4.000E+02 5.000E+02 6.000E+02 7.000E+02
 8.000E+02 9.000E+02 1.000E+03 2.000E+03 3.000E+03 4.000E+03 5.000E+03 6.000E+03
 7.000E+03 8.000E+03 9.000E+03 1.000E+04 1.100E+04 1.200E+04 1.300E+04 1.400E+04
 1.500E+04
 1.000E+11 2.000E+11 3.000E+11 4.000E+11 5.000E+11 6.000E+11 7.000E+11 8.000E+11
 9.000E+11 1.000E+12 2.000E+12 3.000E+12 4.000E+12 5.000E+12 6.000E+12 7.000E+12
 8.000E+12 9.000E+12 1.000E+13 2.000E+13 3.000E+13 4.000E+13 5.000E+13 6.000E+13
 7.000E+13
--------------------------------------------------------------------------------
 2.091E-06 2.091E-06 2.092E-06 2.092E-06 2.093E-06 2.094E-06 2.094E-06 2.095E-06
 2.096E-06 2.097E-06 2.098E-06 2.108E-06 2.119E-06 2.131E-06 2.144E-06 2.157E-06
 2.171E-06 2.184E-06 2.235E-06 4.231E-06 5.844E-06 5.861E-06 5.854E-06 5.849E-06
 5.833E-06
 2.091E-06 2.091E-06 2.092E-06 2.092E-06 2.093E-06 2.094E-06 2.094E-06 2.095E-06
 2.096E-06 2.097E-06 2.098E-06 2.108E-06 2.119E-06 2.131E-06 2.144E-06 2.157E-06
 2.171E-06 2.185E-06 2.235E-06 4.231E-06 5.844E-06 5.861E-06 5.854E-06 5.849E-06
 5.833E-06
 2.091E-06 2.091E-06 2.092E-06 2.092E-06 2.093E-06 2.094E-06 2.094E-06 2.095E-06
 2.096E-06 2.097E-06 2.098E-06 2.108E-06 2.119E-06 2.131E-06 2.144E-06 2.157E-06
 2.171E-06 2.185E-06 2.235E-06 4.231E-06 5.844E-06 5.861E-06 5.854E-06 5.849E-06
 5.833E-06
 2.091E-06 2.091E-06 2.092E-06 2.092E-06 2.093E-06 2.094E-06 2.094E-06 2.095E-06
 2.096E-06 2.097E-06 2.098E-06 2.108E-06 2.119E-06 2.131E-06 2.144E-06 2.157E-06
 2.171E-06 2.185E-06 2.235E-06 4.231E-06 5.844E-06 5.861E-06 5.854E-06 5.849E-06
 5.833E-06
 2.091E-06 2.091E-06 2.092E-06 2.092E-06 2.093E-06 2.094E-06 2.094E-06 2.095E-06
 2.096E-06 2.097E-06 2.098E-06 2.108E-06 2.119E-06 2.131E-06 2.144E-06 2.157E-06
 2.171E-06 2.185E-06 2.235E-06 4.231E-06 5.844E-06 5.861E-06 5.854E-06 5.849E-06
 5.833E-06
 2.091E-06 2.091E-06 2.092E-06 2.092E-06 2.093E-06 2.093E-06 2.094E-06 2.095E-06
 2.096E-06 2.097E-06 2.098E-06 2.108E-06 2.119E-06 2.131E-06 2.144E-06 2.157E-06
 2.171E-06 2.185E-06 2.235E-06 4.231E-06 5.844E-06 5.861E-06 5.854E-06 5.849E-06
 5.833E-06
 2.091E-06 2.091E-06 2.091E-06 2.092E-06 2.093E-06 2.093E-06 2.094E-06 2.095E-06
 2.096E-06 2.097E-06 2.097E-06 2.108E-06 2.119E-06 2.131E-06 2.144E-06 2.157E-06
 2.171E-06 2.185E-06 2.235E-06 4.231E-06 5.844E-06 5.861E-06 5.854E-06 5.849E-06
 5.833E-06
 2.091E-06 2.091E-06 2.091E-06 2.092E-06 2.093E-06 2.093E-06 2.094E-06 2.095E-06
 2.096E-06 2.097E-06 2.097E-06 2.108E-06 2.119E-06 2.131E-06 2.144E-06 2.157E-06
 2.171E-06 2.185E-06 2.235E-06 4.231E-06 5.844E-06 5.861E-06 5.854E-06 5.849E-06
 5.833E-06
 2.091E-06 2.091E-06 2.091E-06 2.092E-06 2.093E-06 2.093E-06 2.094E-06 2.095E-06
 2.096E-06 2.096E-06 2.097E-06 2.108E-06 2.119E-06 2.131E-06 2.144E-06 2.157E-06
 2.171E-06 2.185E-06 2.235E-06 4.231E-06 5.844E-06 5.861E-06 5.854E-06 5.849E-06
 5.833E-06
 2.091E-06 2.091E-06 2.091E-06 2.092E-06 2.093E-06 2.093E-06 2.094E-06 2.095E-06
 2.096E-06 2.096E-06 2.097E-06 2.108E-06 2.119E-06 2.131E-06 2.144E-06 2.157E-06
 2.171E-06 2.185E-06 2.235E-06 4.231E-06 5.844E-06 5.861E-06 5.854E-06 5.849E-06
 5.833E-06
 2.090E-06 2.090E-06 2.091E-06 2.091E-06 2.092E-06 2.093E-06 2.093E-06 2.094E-06
 2.095E-06 2.096E-06 2.097E-06 2.107E-06 2.119E-06 2.131E-06 2.144E-06 2.157E-06
 2.171E-06 2.184E-06 2.235E-06 4.231E-06 5.844E-06 5.861E-06 5.854E-06 5.849E-06
 5.833E-06
 2.089E-06 2.090E-06 2.090E-06 2.091E-06 2.091E-06 2.092E-06 2.093E-06 2.094E-06
 2.094E-06 2.095E-06 2.096E-06 2.107E-06 2.118E-06 2.130E-06 2.143E-06 2.157E-06
 2.170E-06 2.184E-06 2.235E-06 4.231E-06 5.843E-06 5.860E-06 5.854E-06 5.849E-06
 5.833E-06
 2.089E-06 2.089E-06 2.090E-06 2.090E-06 2.091E-06 2.092E-06 2.092E-06 2.093E-06
 2.094E-06 2.095E-06 2.096E-06 2.106E-06 2.118E-06 2.130E-06 2.143E-06 2.157E-06
 2.170E-06 2.184E-06 2.234E-06 4.231E-06 5.843E-06 5.860E-06 5.854E-06 5.849E-06
 5.833E-06
 2.088E-06 2.089E-06 2.089E-06 2.090E-06 2.090E-06 2.091E-06 2.092E-06 2.093E-06
 2.093E-06 2.094E-06 2.095E-06 2.106E-06 2.117E-06 2.129E-06 2.143E-06 2.156E-06
 2.170E-06 2.184E-06 2.234E-06 4.230E-06 5.843E-06 5.860E-06 5.853E-06 5.848E-06
 5.833E-06
 2.088E-06 2.088E-06 2.089E-06 2.089E-06 2.090E-06 2.091E-06 2.091E-06 2.092E-06
 2.093E-06 2.094E-06 2.095E-06 2.105E-06 2.117E-06 2.129E-06 2.142E-06 2.156E-06
 2.169E-06 2.183E-06 2.234E-06 4.230E-06 5.843E-06 5.859E-06 5.853E-06 5.848E-06
 5.832E-06
 2.087E-06 2.088E-06 2.088E-06 2.089E-06 2.089E-06 2.090E-06 2.091E-06 2.092E-06
 2.092E-06 2.093E-06 2.094E-06 2.105E-06 2.116E-06 2.128E-06 2.142E-06 2.155E-06
 2.169E-06 2.183E-06 2.233E-06 4.230E-06 5.842E-06 5.859E-06 5.853E-06 5.848E-06
 5.832E-06
 2.087E-06 2.087E-06 2.088E-06 2.088E-06 2.089E-06 2.090E-06 2.090E-06 2.091E-06
 2.092E-06 2.093E-06 2.094E-06 2.104E-06 2.116E-06 2.128E-06 2.141E-06 2.155E-06
 2.169E-06 2.182E-06 2.233E-06 4.229E-06 5.842E-06 5.859E-06 5.852E-06 5.848E-06
 5.832E-06
 2.086E-06 2.087E-06 2.087E-06 2.088E-06 2.088E-06 2.089E-06 2.090E-06 2.091E-06
 2.092E-06 2.092E-06 2.093E-06 2.104E-06 2.115E-06 2.127E-06 2.141E-06 2.155E-06
 2.168E-06 2.182E-06 2.233E-06 4.229E-06 5.841E-06 5.858E-06 5.852E-06 5.847E-06
 5.831E-06
 2.086E-06 2.086E-06 2.087E-06 2.087E-06 2.088E-06 2.089E-06 2.089E-06 2.090E-06
 2.091E-06 2.092E-06 2.093E-06 2.103E-06 2.115E-06 2.127E-06 2.141E-06 2.154E-06
 2.168E-06 2.182E-06 2.232E-06 4.228E-06 5.841E-06 5.858E-06 5.852E-06 5.847E-06
 5.831E-06
 2.081E-06 2.081E-06 2.082E-06 2.083E-06 2.083E-06 2.084E-06 2.085E-06 2.085E-06
 2.086E-06 2.087E-06 2.088E-06 2.098E-06 2.110E-06 2.122E-06 2.136E-06 2.150E-06
 2.164E-06 2.177E-06 2.228E-06 4.225E-06 5.837E-06 5.854E-06 5.848E-06 5.843E-06
 5.827E-06
 2.076E-06 2.077E-06 2.077E-06 2.078E-06 2.078E-06 2.079E-06 2.080E-06 2.081E-06
 2.082E-06 2.082E-06 2.083E-06 2.094E-06 2.105E-06 2.117E-06 2.132E-06 2.146E-06
 2.159E-06 2.173E-06 2.224E-06 4.220E-06 5.834E-06 5.851E-06 5.844E-06 5.839E-06
 5.824E-06
 2.072E-06 2.072E-06 2.073E-06 2.073E-06 2.074E-06 2.075E-06 2.075E-06 2.076E-06
 2.077E-06 2.078E-06 2.079E-06 2.089E-06 2.101E-06 2.113E-06 2.127E-06 2.141E-06
 2.155E-06 2.169E-06 2.219E-06 4.216E-06 5.830E-06 5.847E-06 5.841E-06 5.836E-06
 5.820E-06
 2.067E-06 2.067E-06 2.068E-06 2.069E-06 2.069E-06 2.070E-06 2.071E-06 2.072E-06
 2.072E-06 2.073E-06 2.074E-06 2.085E-06 2.096E-06 2.108E-06 2.123E-06 2.137E-06
 2.151E-06 2.164E-06 2.215E-06 4.213E-06 5.826E-06 5.843E-06 5.837E-06 5.832E-06
 5.816E-06
 2.063E-06 2.063E-06 2.063E-06 2.064E-06 2.065E-06 2.065E-06 2.066E-06 2.067E-06
 2.068E-06 2.069E-06 2.070E-06 2.080E-06 2.092E-06 2.104E-06 2.118E-06 2.132E-06
 2.146E-06 2.160E-06 2.211E-06 4.209E-06 5.823E-06 5.840E-06 5.833E-06 5.829E-06
 5.813E-06
 2.058E-06 2.058E-06 2.059E-06 2.060E-06 2.060E-06 2.061E-06 2.062E-06 2.063E-06
 2.063E-06 2.064E-06 2.065E-06 2.076E-06 2.087E-06 2.099E-06 2.114E-06 2.128E-06
 2.142E-06 2.156E-06 2.206E-06 4.205E-06 5.819E-06 5.836E-06 5.830E-06 5.825E-06
 5.809E-06
--------------------------------------------------------------------------------
   20 /EREF=3.000E+03 /NREF=3.000E+12
--------------------------------------------------------------------------------
 1.000E+01 2.000E+01 3.000E+01 4.000E+01 5.000E+01 6.000E+01 7.000E+01 8.000E+01
 8.966E+01 1.000E+02 2.000E+02 3.000E+02 4.000E+02 5.000E+02 6.000E+02 7.000E+02
 8.000E+02 8.966E+02 1.000E+03 2.000E+03
--------------------------------------------------------------------------------
 2.790E-06 2.785E-06 2.688E-06 2.583E-06 2.484E-06 2.394E-06 2.313E-06 2.241E-06
 2.176E-06 2.118E-06 1.740E-06 1.532E-06 1.395E-06 1.294E-06 1.217E-06 1.155E-06
 1.103E-06 1.059E-06 1.021E-06 8.015E-07
--------------------------------------------------------------------------------
C
C
C     ADAS FILE TYPE : 	ADF21
C     SOURCE FILE    :  /home/anderson/adas/adf26/bnl99#he/bnl99#he_c6.dat          
C
C     USER ID	     :  anderson        
C
--------------------------------------------------------------------------------
 
C---------------------------------------------------------------------------------
C ADAS ADF21/bms99#he_slow DATA - SCCS info: @(#)$Header: /u/xshare/Attic/repos/codesys/source/adas/data/adf21/bms99#he_slow/gcrc22/gcrc22#he_c6.dat,v 1.1 2009-07-30 05:39:32 Marina Gorelenkova Exp $ Date $Date: 2009-07-30 05:39:32 $
C---------------------------------------------------------------------------------
