    7 /GCRC5=2.115E-06 /SPEC=N  /DATE=06/01/99 /CODE=ADAS313
--------------------------------------------------------------------------------
   25   25 /TREF=1.000E+02
--------------------------------------------------------------------------------
 5.000E+01 1.000E+02 2.000E+02 3.000E+02 4.000E+02 5.000E+02 6.000E+02 7.000E+02
 8.000E+02 9.000E+02 1.000E+03 2.000E+03 3.000E+03 4.000E+03 5.000E+03 6.000E+03
 7.000E+03 8.000E+03 9.000E+03 1.000E+04 1.100E+04 1.200E+04 1.300E+04 1.400E+04
 1.500E+04
 1.000E+11 2.000E+11 3.000E+11 4.000E+11 5.000E+11 6.000E+11 7.000E+11 8.000E+11
 9.000E+11 1.000E+12 2.000E+12 3.000E+12 4.000E+12 5.000E+12 6.000E+12 7.000E+12
 8.000E+12 9.000E+12 1.000E+13 2.000E+13 3.000E+13 4.000E+13 5.000E+13 6.000E+13
 7.000E+13
--------------------------------------------------------------------------------
 2.091E-06 2.091E-06 2.092E-06 2.092E-06 2.093E-06 2.093E-06 2.094E-06 2.095E-06
 2.095E-06 2.096E-06 2.097E-06 2.106E-06 2.116E-06 2.127E-06 2.138E-06 2.150E-06
 2.163E-06 2.175E-06 2.211E-06 4.568E-06 6.448E-06 6.450E-06 6.439E-06 6.430E-06
 6.409E-06
 2.091E-06 2.091E-06 2.092E-06 2.092E-06 2.093E-06 2.093E-06 2.094E-06 2.095E-06
 2.095E-06 2.096E-06 2.097E-06 2.106E-06 2.116E-06 2.127E-06 2.138E-06 2.150E-06
 2.163E-06 2.175E-06 2.211E-06 4.568E-06 6.449E-06 6.450E-06 6.439E-06 6.430E-06
 6.409E-06
 2.091E-06 2.091E-06 2.092E-06 2.092E-06 2.093E-06 2.093E-06 2.094E-06 2.095E-06
 2.095E-06 2.096E-06 2.097E-06 2.106E-06 2.116E-06 2.127E-06 2.138E-06 2.150E-06
 2.163E-06 2.175E-06 2.211E-06 4.568E-06 6.449E-06 6.450E-06 6.439E-06 6.430E-06
 6.409E-06
 2.091E-06 2.091E-06 2.092E-06 2.092E-06 2.093E-06 2.093E-06 2.094E-06 2.095E-06
 2.095E-06 2.096E-06 2.097E-06 2.106E-06 2.116E-06 2.127E-06 2.138E-06 2.150E-06
 2.163E-06 2.175E-06 2.212E-06 4.568E-06 6.449E-06 6.450E-06 6.439E-06 6.430E-06
 6.409E-06
 2.091E-06 2.091E-06 2.091E-06 2.092E-06 2.093E-06 2.093E-06 2.094E-06 2.095E-06
 2.095E-06 2.096E-06 2.097E-06 2.106E-06 2.116E-06 2.127E-06 2.138E-06 2.150E-06
 2.163E-06 2.175E-06 2.212E-06 4.568E-06 6.449E-06 6.450E-06 6.439E-06 6.430E-06
 6.409E-06
 2.091E-06 2.091E-06 2.091E-06 2.092E-06 2.092E-06 2.093E-06 2.094E-06 2.094E-06
 2.095E-06 2.096E-06 2.097E-06 2.106E-06 2.116E-06 2.127E-06 2.138E-06 2.150E-06
 2.163E-06 2.175E-06 2.212E-06 4.568E-06 6.449E-06 6.450E-06 6.439E-06 6.430E-06
 6.409E-06
 2.091E-06 2.091E-06 2.091E-06 2.092E-06 2.092E-06 2.093E-06 2.094E-06 2.094E-06
 2.095E-06 2.096E-06 2.097E-06 2.106E-06 2.116E-06 2.127E-06 2.138E-06 2.150E-06
 2.163E-06 2.175E-06 2.212E-06 4.568E-06 6.449E-06 6.450E-06 6.439E-06 6.430E-06
 6.409E-06
 2.091E-06 2.091E-06 2.091E-06 2.092E-06 2.092E-06 2.093E-06 2.094E-06 2.094E-06
 2.095E-06 2.096E-06 2.097E-06 2.106E-06 2.116E-06 2.127E-06 2.138E-06 2.150E-06
 2.163E-06 2.175E-06 2.212E-06 4.568E-06 6.449E-06 6.450E-06 6.439E-06 6.430E-06
 6.409E-06
 2.091E-06 2.091E-06 2.091E-06 2.092E-06 2.092E-06 2.093E-06 2.094E-06 2.094E-06
 2.095E-06 2.096E-06 2.097E-06 2.106E-06 2.116E-06 2.127E-06 2.138E-06 2.150E-06
 2.163E-06 2.175E-06 2.212E-06 4.568E-06 6.449E-06 6.450E-06 6.439E-06 6.430E-06
 6.409E-06
 2.091E-06 2.091E-06 2.091E-06 2.092E-06 2.092E-06 2.093E-06 2.094E-06 2.094E-06
 2.095E-06 2.096E-06 2.096E-06 2.106E-06 2.116E-06 2.127E-06 2.138E-06 2.150E-06
 2.163E-06 2.175E-06 2.212E-06 4.568E-06 6.449E-06 6.450E-06 6.439E-06 6.430E-06
 6.409E-06
 2.090E-06 2.090E-06 2.091E-06 2.091E-06 2.092E-06 2.092E-06 2.093E-06 2.094E-06
 2.094E-06 2.095E-06 2.096E-06 2.105E-06 2.115E-06 2.126E-06 2.138E-06 2.150E-06
 2.163E-06 2.175E-06 2.211E-06 4.568E-06 6.449E-06 6.450E-06 6.439E-06 6.430E-06
 6.409E-06
 2.089E-06 2.090E-06 2.090E-06 2.091E-06 2.091E-06 2.092E-06 2.092E-06 2.093E-06
 2.094E-06 2.095E-06 2.095E-06 2.105E-06 2.115E-06 2.126E-06 2.138E-06 2.150E-06
 2.162E-06 2.175E-06 2.211E-06 4.568E-06 6.448E-06 6.450E-06 6.439E-06 6.430E-06
 6.409E-06
 2.089E-06 2.089E-06 2.090E-06 2.090E-06 2.091E-06 2.091E-06 2.092E-06 2.093E-06
 2.093E-06 2.094E-06 2.095E-06 2.104E-06 2.114E-06 2.125E-06 2.137E-06 2.150E-06
 2.162E-06 2.174E-06 2.211E-06 4.567E-06 6.448E-06 6.449E-06 6.438E-06 6.429E-06
 6.408E-06
 2.088E-06 2.089E-06 2.089E-06 2.090E-06 2.090E-06 2.091E-06 2.091E-06 2.092E-06
 2.093E-06 2.094E-06 2.094E-06 2.104E-06 2.114E-06 2.125E-06 2.137E-06 2.149E-06
 2.162E-06 2.174E-06 2.210E-06 4.567E-06 6.448E-06 6.449E-06 6.438E-06 6.429E-06
 6.408E-06
 2.088E-06 2.088E-06 2.089E-06 2.089E-06 2.090E-06 2.090E-06 2.091E-06 2.092E-06
 2.092E-06 2.093E-06 2.094E-06 2.103E-06 2.113E-06 2.124E-06 2.137E-06 2.149E-06
 2.161E-06 2.174E-06 2.210E-06 4.567E-06 6.447E-06 6.449E-06 6.438E-06 6.429E-06
 6.408E-06
 2.087E-06 2.088E-06 2.088E-06 2.089E-06 2.089E-06 2.090E-06 2.090E-06 2.091E-06
 2.092E-06 2.093E-06 2.093E-06 2.103E-06 2.113E-06 2.124E-06 2.136E-06 2.148E-06
 2.161E-06 2.173E-06 2.210E-06 4.566E-06 6.447E-06 6.448E-06 6.437E-06 6.428E-06
 6.407E-06
 2.087E-06 2.087E-06 2.088E-06 2.088E-06 2.089E-06 2.089E-06 2.090E-06 2.091E-06
 2.091E-06 2.092E-06 2.093E-06 2.102E-06 2.113E-06 2.123E-06 2.136E-06 2.148E-06
 2.160E-06 2.173E-06 2.209E-06 4.566E-06 6.447E-06 6.448E-06 6.437E-06 6.428E-06
 6.407E-06
 2.086E-06 2.087E-06 2.087E-06 2.088E-06 2.088E-06 2.089E-06 2.089E-06 2.090E-06
 2.091E-06 2.092E-06 2.092E-06 2.102E-06 2.112E-06 2.123E-06 2.135E-06 2.148E-06
 2.160E-06 2.173E-06 2.209E-06 4.566E-06 6.446E-06 6.448E-06 6.437E-06 6.428E-06
 6.407E-06
 2.086E-06 2.086E-06 2.087E-06 2.087E-06 2.088E-06 2.088E-06 2.089E-06 2.090E-06
 2.090E-06 2.091E-06 2.092E-06 2.101E-06 2.112E-06 2.122E-06 2.135E-06 2.147E-06
 2.160E-06 2.172E-06 2.209E-06 4.565E-06 6.446E-06 6.447E-06 6.436E-06 6.427E-06
 6.406E-06
 2.081E-06 2.081E-06 2.082E-06 2.082E-06 2.083E-06 2.084E-06 2.084E-06 2.085E-06
 2.086E-06 2.086E-06 2.087E-06 2.096E-06 2.107E-06 2.118E-06 2.131E-06 2.143E-06
 2.155E-06 2.168E-06 2.205E-06 4.561E-06 6.442E-06 6.444E-06 6.433E-06 6.424E-06
 6.403E-06
 2.076E-06 2.077E-06 2.077E-06 2.078E-06 2.078E-06 2.079E-06 2.080E-06 2.080E-06
 2.081E-06 2.082E-06 2.082E-06 2.092E-06 2.102E-06 2.113E-06 2.126E-06 2.139E-06
 2.151E-06 2.164E-06 2.200E-06 4.557E-06 6.439E-06 6.440E-06 6.429E-06 6.420E-06
 6.399E-06
 2.072E-06 2.072E-06 2.072E-06 2.073E-06 2.074E-06 2.074E-06 2.075E-06 2.076E-06
 2.076E-06 2.077E-06 2.078E-06 2.087E-06 2.097E-06 2.108E-06 2.122E-06 2.134E-06
 2.147E-06 2.159E-06 2.196E-06 4.554E-06 6.435E-06 6.436E-06 6.425E-06 6.416E-06
 6.396E-06
 2.067E-06 2.067E-06 2.068E-06 2.068E-06 2.069E-06 2.070E-06 2.070E-06 2.071E-06
 2.072E-06 2.072E-06 2.073E-06 2.083E-06 2.093E-06 2.104E-06 2.117E-06 2.130E-06
 2.142E-06 2.155E-06 2.191E-06 4.550E-06 6.431E-06 6.433E-06 6.422E-06 6.413E-06
 6.392E-06
 2.063E-06 2.063E-06 2.063E-06 2.064E-06 2.064E-06 2.065E-06 2.066E-06 2.066E-06
 2.067E-06 2.068E-06 2.069E-06 2.078E-06 2.088E-06 2.099E-06 2.113E-06 2.125E-06
 2.138E-06 2.150E-06 2.187E-06 4.546E-06 6.428E-06 6.429E-06 6.419E-06 6.410E-06
 6.389E-06
 2.058E-06 2.058E-06 2.059E-06 2.059E-06 2.060E-06 2.061E-06 2.061E-06 2.062E-06
 2.063E-06 2.063E-06 2.064E-06 2.074E-06 2.084E-06 2.095E-06 2.108E-06 2.121E-06
 2.134E-06 2.146E-06 2.183E-06 4.542E-06 6.425E-06 6.426E-06 6.415E-06 6.406E-06
 6.386E-06
--------------------------------------------------------------------------------
   20 /EREF=3.000E+03 /NREF=3.000E+12
--------------------------------------------------------------------------------
 1.000E+01 2.000E+01 3.000E+01 4.000E+01 5.000E+01 6.000E+01 7.000E+01 8.000E+01
 8.966E+01 1.000E+02 2.000E+02 3.000E+02 4.000E+02 5.000E+02 6.000E+02 7.000E+02
 8.000E+02 8.966E+02 1.000E+03 2.000E+03
--------------------------------------------------------------------------------
 2.788E-06 2.783E-06 2.685E-06 2.580E-06 2.481E-06 2.391E-06 2.310E-06 2.238E-06
 2.173E-06 2.115E-06 1.736E-06 1.529E-06 1.391E-06 1.291E-06 1.214E-06 1.151E-06
 1.099E-06 1.055E-06 1.017E-06 7.976E-07
--------------------------------------------------------------------------------
C
C
C     ADAS FILE TYPE : 	ADF21
C     SOURCE FILE    :  /home/anderson/adas/adf26/bnl99#he/bnl99#he_n7.dat          
C
C     USER ID	     :  anderson        
C
--------------------------------------------------------------------------------
 
C---------------------------------------------------------------------------------
C ADAS ADF21/bms99#he_slow DATA - SCCS info: @(#)$Header: /u/xshare/Attic/repos/codesys/source/adas/data/adf21/bms99#he_slow/gcrc22/gcrc22#he_n7.dat,v 1.1 2009-07-30 05:39:33 Marina Gorelenkova Exp $ Date $Date: 2009-07-30 05:39:33 $
C---------------------------------------------------------------------------------
