    9 /GCRC5=2.110E-06 /SPEC=F  /DATE=06/01/99 /CODE=ADAS313
--------------------------------------------------------------------------------
   25   25 /TREF=1.000E+02
--------------------------------------------------------------------------------
 5.000E+01 1.000E+02 2.000E+02 3.000E+02 4.000E+02 5.000E+02 6.000E+02 7.000E+02
 8.000E+02 9.000E+02 1.000E+03 2.000E+03 3.000E+03 4.000E+03 5.000E+03 6.000E+03
 7.000E+03 8.000E+03 9.000E+03 1.000E+04 1.100E+04 1.200E+04 1.300E+04 1.400E+04
 1.500E+04
 1.000E+11 2.000E+11 3.000E+11 4.000E+11 5.000E+11 6.000E+11 7.000E+11 8.000E+11
 9.000E+11 1.000E+12 2.000E+12 3.000E+12 4.000E+12 5.000E+12 6.000E+12 7.000E+12
 8.000E+12 9.000E+12 1.000E+13 2.000E+13 3.000E+13 4.000E+13 5.000E+13 6.000E+13
 7.000E+13
--------------------------------------------------------------------------------
 2.091E-06 2.091E-06 2.091E-06 2.092E-06 2.092E-06 2.093E-06 2.093E-06 2.094E-06
 2.095E-06 2.095E-06 2.096E-06 2.103E-06 2.111E-06 2.120E-06 2.130E-06 2.140E-06
 2.151E-06 2.161E-06 2.181E-06 5.263E-06 7.653E-06 7.635E-06 7.616E-06 7.599E-06
 7.569E-06
 2.091E-06 2.091E-06 2.091E-06 2.092E-06 2.092E-06 2.093E-06 2.093E-06 2.094E-06
 2.095E-06 2.095E-06 2.096E-06 2.103E-06 2.112E-06 2.121E-06 2.130E-06 2.140E-06
 2.151E-06 2.161E-06 2.181E-06 5.263E-06 7.653E-06 7.636E-06 7.616E-06 7.599E-06
 7.569E-06
 2.091E-06 2.091E-06 2.091E-06 2.092E-06 2.092E-06 2.093E-06 2.093E-06 2.094E-06
 2.094E-06 2.095E-06 2.096E-06 2.103E-06 2.112E-06 2.121E-06 2.130E-06 2.140E-06
 2.151E-06 2.161E-06 2.181E-06 5.263E-06 7.653E-06 7.636E-06 7.616E-06 7.599E-06
 7.569E-06
 2.091E-06 2.091E-06 2.091E-06 2.092E-06 2.092E-06 2.093E-06 2.093E-06 2.094E-06
 2.094E-06 2.095E-06 2.096E-06 2.103E-06 2.112E-06 2.121E-06 2.130E-06 2.140E-06
 2.151E-06 2.161E-06 2.181E-06 5.263E-06 7.653E-06 7.636E-06 7.616E-06 7.599E-06
 7.569E-06
 2.091E-06 2.091E-06 2.091E-06 2.092E-06 2.092E-06 2.093E-06 2.093E-06 2.094E-06
 2.094E-06 2.095E-06 2.096E-06 2.103E-06 2.112E-06 2.121E-06 2.130E-06 2.140E-06
 2.151E-06 2.161E-06 2.181E-06 5.263E-06 7.653E-06 7.636E-06 7.616E-06 7.599E-06
 7.569E-06
 2.091E-06 2.091E-06 2.091E-06 2.092E-06 2.092E-06 2.093E-06 2.093E-06 2.094E-06
 2.094E-06 2.095E-06 2.096E-06 2.103E-06 2.111E-06 2.121E-06 2.130E-06 2.140E-06
 2.151E-06 2.161E-06 2.181E-06 5.263E-06 7.653E-06 7.636E-06 7.616E-06 7.599E-06
 7.569E-06
 2.091E-06 2.091E-06 2.091E-06 2.092E-06 2.092E-06 2.093E-06 2.093E-06 2.094E-06
 2.094E-06 2.095E-06 2.095E-06 2.103E-06 2.111E-06 2.121E-06 2.130E-06 2.140E-06
 2.151E-06 2.161E-06 2.181E-06 5.263E-06 7.653E-06 7.636E-06 7.616E-06 7.599E-06
 7.569E-06
 2.091E-06 2.091E-06 2.091E-06 2.092E-06 2.092E-06 2.092E-06 2.093E-06 2.094E-06
 2.094E-06 2.095E-06 2.095E-06 2.103E-06 2.111E-06 2.121E-06 2.130E-06 2.140E-06
 2.151E-06 2.161E-06 2.181E-06 5.263E-06 7.653E-06 7.636E-06 7.616E-06 7.599E-06
 7.569E-06
 2.091E-06 2.091E-06 2.091E-06 2.091E-06 2.092E-06 2.092E-06 2.093E-06 2.094E-06
 2.094E-06 2.095E-06 2.095E-06 2.103E-06 2.111E-06 2.120E-06 2.130E-06 2.140E-06
 2.151E-06 2.161E-06 2.181E-06 5.263E-06 7.653E-06 7.636E-06 7.616E-06 7.599E-06
 7.569E-06
 2.090E-06 2.091E-06 2.091E-06 2.091E-06 2.092E-06 2.092E-06 2.093E-06 2.093E-06
 2.094E-06 2.095E-06 2.095E-06 2.103E-06 2.111E-06 2.120E-06 2.130E-06 2.140E-06
 2.151E-06 2.161E-06 2.181E-06 5.263E-06 7.653E-06 7.636E-06 7.616E-06 7.599E-06
 7.569E-06
 2.090E-06 2.090E-06 2.090E-06 2.091E-06 2.091E-06 2.092E-06 2.092E-06 2.093E-06
 2.094E-06 2.094E-06 2.095E-06 2.102E-06 2.111E-06 2.120E-06 2.130E-06 2.140E-06
 2.151E-06 2.161E-06 2.181E-06 5.263E-06 7.653E-06 7.636E-06 7.616E-06 7.599E-06
 7.569E-06
 2.089E-06 2.090E-06 2.090E-06 2.090E-06 2.091E-06 2.091E-06 2.092E-06 2.092E-06
 2.093E-06 2.094E-06 2.094E-06 2.102E-06 2.110E-06 2.120E-06 2.130E-06 2.140E-06
 2.150E-06 2.161E-06 2.180E-06 5.263E-06 7.653E-06 7.635E-06 7.616E-06 7.599E-06
 7.569E-06
 2.089E-06 2.089E-06 2.089E-06 2.090E-06 2.090E-06 2.091E-06 2.091E-06 2.092E-06
 2.092E-06 2.093E-06 2.094E-06 2.101E-06 2.110E-06 2.119E-06 2.129E-06 2.140E-06
 2.150E-06 2.161E-06 2.180E-06 5.263E-06 7.653E-06 7.635E-06 7.616E-06 7.599E-06
 7.569E-06
 2.088E-06 2.089E-06 2.089E-06 2.089E-06 2.090E-06 2.090E-06 2.091E-06 2.091E-06
 2.092E-06 2.093E-06 2.093E-06 2.101E-06 2.110E-06 2.119E-06 2.129E-06 2.139E-06
 2.150E-06 2.160E-06 2.180E-06 5.262E-06 7.652E-06 7.635E-06 7.615E-06 7.598E-06
 7.568E-06
 2.088E-06 2.088E-06 2.088E-06 2.089E-06 2.089E-06 2.090E-06 2.090E-06 2.091E-06
 2.091E-06 2.092E-06 2.093E-06 2.101E-06 2.109E-06 2.118E-06 2.129E-06 2.139E-06
 2.149E-06 2.160E-06 2.179E-06 5.262E-06 7.652E-06 7.635E-06 7.615E-06 7.598E-06
 7.568E-06
 2.087E-06 2.088E-06 2.088E-06 2.088E-06 2.089E-06 2.089E-06 2.090E-06 2.090E-06
 2.091E-06 2.092E-06 2.092E-06 2.100E-06 2.109E-06 2.118E-06 2.128E-06 2.139E-06
 2.149E-06 2.160E-06 2.179E-06 5.262E-06 7.652E-06 7.634E-06 7.615E-06 7.598E-06
 7.568E-06
 2.087E-06 2.087E-06 2.087E-06 2.088E-06 2.088E-06 2.089E-06 2.089E-06 2.090E-06
 2.090E-06 2.091E-06 2.092E-06 2.100E-06 2.108E-06 2.117E-06 2.128E-06 2.138E-06
 2.149E-06 2.159E-06 2.179E-06 5.261E-06 7.651E-06 7.634E-06 7.614E-06 7.597E-06
 7.567E-06
 2.086E-06 2.087E-06 2.087E-06 2.087E-06 2.088E-06 2.088E-06 2.089E-06 2.089E-06
 2.090E-06 2.091E-06 2.091E-06 2.099E-06 2.108E-06 2.117E-06 2.127E-06 2.138E-06
 2.148E-06 2.159E-06 2.178E-06 5.261E-06 7.651E-06 7.634E-06 7.614E-06 7.597E-06
 7.567E-06
 2.086E-06 2.086E-06 2.086E-06 2.087E-06 2.087E-06 2.088E-06 2.088E-06 2.089E-06
 2.090E-06 2.090E-06 2.091E-06 2.099E-06 2.107E-06 2.116E-06 2.127E-06 2.137E-06
 2.148E-06 2.158E-06 2.178E-06 5.260E-06 7.651E-06 7.633E-06 7.614E-06 7.597E-06
 7.567E-06
 2.081E-06 2.081E-06 2.082E-06 2.082E-06 2.083E-06 2.083E-06 2.084E-06 2.084E-06
 2.085E-06 2.085E-06 2.086E-06 2.094E-06 2.102E-06 2.111E-06 2.123E-06 2.133E-06
 2.144E-06 2.154E-06 2.174E-06 5.257E-06 7.647E-06 7.630E-06 7.610E-06 7.593E-06
 7.563E-06
 2.076E-06 2.077E-06 2.077E-06 2.077E-06 2.078E-06 2.078E-06 2.079E-06 2.079E-06
 2.080E-06 2.081E-06 2.081E-06 2.089E-06 2.098E-06 2.107E-06 2.118E-06 2.129E-06
 2.139E-06 2.150E-06 2.169E-06 5.253E-06 7.643E-06 7.626E-06 7.606E-06 7.590E-06
 7.560E-06
 2.072E-06 2.072E-06 2.072E-06 2.073E-06 2.073E-06 2.074E-06 2.074E-06 2.075E-06
 2.075E-06 2.076E-06 2.077E-06 2.084E-06 2.093E-06 2.102E-06 2.114E-06 2.124E-06
 2.135E-06 2.145E-06 2.165E-06 5.249E-06 7.640E-06 7.622E-06 7.603E-06 7.586E-06
 7.556E-06
 2.067E-06 2.067E-06 2.068E-06 2.068E-06 2.069E-06 2.069E-06 2.070E-06 2.070E-06
 2.071E-06 2.071E-06 2.072E-06 2.080E-06 2.088E-06 2.098E-06 2.109E-06 2.120E-06
 2.130E-06 2.141E-06 2.161E-06 5.245E-06 7.637E-06 7.619E-06 7.600E-06 7.583E-06
 7.553E-06
 2.063E-06 2.063E-06 2.063E-06 2.064E-06 2.064E-06 2.065E-06 2.065E-06 2.066E-06
 2.066E-06 2.067E-06 2.068E-06 2.075E-06 2.084E-06 2.093E-06 2.105E-06 2.115E-06
 2.126E-06 2.137E-06 2.156E-06 5.241E-06 7.633E-06 7.616E-06 7.597E-06 7.580E-06
 7.550E-06
 2.058E-06 2.058E-06 2.059E-06 2.059E-06 2.060E-06 2.060E-06 2.061E-06 2.061E-06
 2.062E-06 2.062E-06 2.063E-06 2.071E-06 2.079E-06 2.089E-06 2.100E-06 2.111E-06
 2.122E-06 2.132E-06 2.152E-06 5.238E-06 7.630E-06 7.613E-06 7.594E-06 7.577E-06
 7.547E-06
--------------------------------------------------------------------------------
   20 /EREF=3.000E+03 /NREF=3.000E+12
--------------------------------------------------------------------------------
 1.000E+01 2.000E+01 3.000E+01 4.000E+01 5.000E+01 6.000E+01 7.000E+01 8.000E+01
 8.966E+01 1.000E+02 2.000E+02 3.000E+02 4.000E+02 5.000E+02 6.000E+02 7.000E+02
 8.000E+02 8.966E+02 1.000E+03 2.000E+03
--------------------------------------------------------------------------------
 2.784E-06 2.779E-06 2.681E-06 2.576E-06 2.477E-06 2.387E-06 2.306E-06 2.233E-06
 2.169E-06 2.110E-06 1.732E-06 1.524E-06 1.387E-06 1.286E-06 1.209E-06 1.146E-06
 1.095E-06 1.050E-06 1.012E-06 7.920E-07
--------------------------------------------------------------------------------
C
C
C     ADAS FILE TYPE : 	ADF21
C     SOURCE FILE    :  /home/anderson/adas/adf26/bnl99#he/bnl99#he_f9.dat          
C
C     USER ID	     :  anderson        
C
--------------------------------------------------------------------------------
 
C---------------------------------------------------------------------------------
C ADAS ADF21/bms99#he_slow DATA - SCCS info: @(#)$Header: /u/xshare/Attic/repos/codesys/source/adas/data/adf21/bms99#he_slow/gcrc22/gcrc22#he_f9.dat,v 1.1 2009-07-30 05:39:32 Marina Gorelenkova Exp $ Date $Date: 2009-07-30 05:39:32 $
C---------------------------------------------------------------------------------
