    1 /GCRC5=2.187E-06 /SPEC=H  /DATE=06/01/99 /CODE=ADAS313
--------------------------------------------------------------------------------
   25   25 /TREF=1.000E+02
--------------------------------------------------------------------------------
 5.000E+01 1.000E+02 2.000E+02 3.000E+02 4.000E+02 5.000E+02 6.000E+02 7.000E+02
 8.000E+02 9.000E+02 1.000E+03 2.000E+03 3.000E+03 4.000E+03 5.000E+03 6.000E+03
 7.000E+03 8.000E+03 9.000E+03 1.000E+04 1.100E+04 1.200E+04 1.300E+04 1.400E+04
 1.500E+04
 1.000E+11 2.000E+11 3.000E+11 4.000E+11 5.000E+11 6.000E+11 7.000E+11 8.000E+11
 9.000E+11 1.000E+12 2.000E+12 3.000E+12 4.000E+12 5.000E+12 6.000E+12 7.000E+12
 8.000E+12 9.000E+12 1.000E+13 2.000E+13 3.000E+13 4.000E+13 5.000E+13 6.000E+13
 7.000E+13
--------------------------------------------------------------------------------
 2.093E-06 2.094E-06 2.097E-06 2.099E-06 2.102E-06 2.105E-06 2.108E-06 2.111E-06
 2.114E-06 2.117E-06 2.120E-06 2.154E-06 2.188E-06 2.221E-06 2.253E-06 2.284E-06
 2.315E-06 2.356E-06 2.485E-06 2.733E-06 2.954E-06 3.057E-06 3.095E-06 3.120E-06
 3.141E-06
 2.093E-06 2.094E-06 2.097E-06 2.099E-06 2.102E-06 2.105E-06 2.108E-06 2.111E-06
 2.114E-06 2.117E-06 2.120E-06 2.154E-06 2.188E-06 2.221E-06 2.253E-06 2.284E-06
 2.315E-06 2.356E-06 2.486E-06 2.733E-06 2.954E-06 3.057E-06 3.095E-06 3.120E-06
 3.141E-06
 2.093E-06 2.094E-06 2.097E-06 2.099E-06 2.102E-06 2.105E-06 2.108E-06 2.111E-06
 2.114E-06 2.117E-06 2.120E-06 2.154E-06 2.188E-06 2.221E-06 2.253E-06 2.284E-06
 2.315E-06 2.356E-06 2.486E-06 2.733E-06 2.954E-06 3.057E-06 3.095E-06 3.120E-06
 3.141E-06
 2.093E-06 2.094E-06 2.097E-06 2.099E-06 2.102E-06 2.105E-06 2.108E-06 2.111E-06
 2.114E-06 2.117E-06 2.120E-06 2.154E-06 2.188E-06 2.221E-06 2.253E-06 2.284E-06
 2.315E-06 2.356E-06 2.486E-06 2.733E-06 2.954E-06 3.057E-06 3.095E-06 3.120E-06
 3.141E-06
 2.093E-06 2.094E-06 2.097E-06 2.099E-06 2.102E-06 2.105E-06 2.108E-06 2.111E-06
 2.114E-06 2.117E-06 2.120E-06 2.154E-06 2.188E-06 2.221E-06 2.253E-06 2.284E-06
 2.315E-06 2.356E-06 2.486E-06 2.733E-06 2.954E-06 3.057E-06 3.095E-06 3.120E-06
 3.141E-06
 2.093E-06 2.094E-06 2.096E-06 2.099E-06 2.102E-06 2.105E-06 2.108E-06 2.111E-06
 2.114E-06 2.117E-06 2.120E-06 2.154E-06 2.188E-06 2.221E-06 2.253E-06 2.284E-06
 2.315E-06 2.356E-06 2.486E-06 2.733E-06 2.954E-06 3.057E-06 3.095E-06 3.120E-06
 3.141E-06
 2.093E-06 2.094E-06 2.096E-06 2.099E-06 2.102E-06 2.105E-06 2.108E-06 2.111E-06
 2.114E-06 2.117E-06 2.120E-06 2.154E-06 2.188E-06 2.221E-06 2.253E-06 2.284E-06
 2.315E-06 2.356E-06 2.486E-06 2.733E-06 2.954E-06 3.057E-06 3.095E-06 3.120E-06
 3.141E-06
 2.093E-06 2.094E-06 2.096E-06 2.099E-06 2.102E-06 2.105E-06 2.108E-06 2.111E-06
 2.114E-06 2.117E-06 2.120E-06 2.154E-06 2.188E-06 2.221E-06 2.253E-06 2.284E-06
 2.315E-06 2.356E-06 2.486E-06 2.733E-06 2.954E-06 3.057E-06 3.095E-06 3.120E-06
 3.141E-06
 2.093E-06 2.094E-06 2.096E-06 2.099E-06 2.102E-06 2.105E-06 2.108E-06 2.111E-06
 2.114E-06 2.117E-06 2.120E-06 2.154E-06 2.188E-06 2.221E-06 2.253E-06 2.284E-06
 2.315E-06 2.356E-06 2.486E-06 2.733E-06 2.954E-06 3.057E-06 3.095E-06 3.120E-06
 3.141E-06
 2.093E-06 2.094E-06 2.096E-06 2.099E-06 2.102E-06 2.105E-06 2.108E-06 2.111E-06
 2.114E-06 2.117E-06 2.120E-06 2.154E-06 2.188E-06 2.221E-06 2.253E-06 2.284E-06
 2.315E-06 2.356E-06 2.486E-06 2.733E-06 2.954E-06 3.057E-06 3.095E-06 3.120E-06
 3.141E-06
 2.092E-06 2.093E-06 2.096E-06 2.098E-06 2.101E-06 2.104E-06 2.107E-06 2.110E-06
 2.113E-06 2.116E-06 2.120E-06 2.154E-06 2.188E-06 2.221E-06 2.253E-06 2.283E-06
 2.314E-06 2.356E-06 2.485E-06 2.733E-06 2.954E-06 3.057E-06 3.095E-06 3.120E-06
 3.141E-06
 2.092E-06 2.093E-06 2.095E-06 2.098E-06 2.101E-06 2.104E-06 2.107E-06 2.110E-06
 2.113E-06 2.116E-06 2.119E-06 2.153E-06 2.187E-06 2.220E-06 2.252E-06 2.283E-06
 2.314E-06 2.356E-06 2.485E-06 2.732E-06 2.953E-06 3.056E-06 3.094E-06 3.120E-06
 3.141E-06
 2.091E-06 2.092E-06 2.095E-06 2.097E-06 2.100E-06 2.103E-06 2.106E-06 2.109E-06
 2.112E-06 2.115E-06 2.119E-06 2.153E-06 2.187E-06 2.220E-06 2.252E-06 2.283E-06
 2.314E-06 2.355E-06 2.485E-06 2.732E-06 2.953E-06 3.056E-06 3.094E-06 3.119E-06
 3.141E-06
 2.091E-06 2.092E-06 2.094E-06 2.097E-06 2.100E-06 2.103E-06 2.106E-06 2.109E-06
 2.112E-06 2.115E-06 2.118E-06 2.152E-06 2.187E-06 2.219E-06 2.252E-06 2.282E-06
 2.313E-06 2.355E-06 2.484E-06 2.732E-06 2.953E-06 3.056E-06 3.094E-06 3.119E-06
 3.140E-06
 2.090E-06 2.091E-06 2.094E-06 2.096E-06 2.099E-06 2.102E-06 2.105E-06 2.108E-06
 2.111E-06 2.114E-06 2.118E-06 2.152E-06 2.186E-06 2.219E-06 2.251E-06 2.282E-06
 2.313E-06 2.355E-06 2.484E-06 2.731E-06 2.952E-06 3.055E-06 3.093E-06 3.119E-06
 3.140E-06
 2.090E-06 2.091E-06 2.093E-06 2.096E-06 2.099E-06 2.102E-06 2.105E-06 2.108E-06
 2.111E-06 2.114E-06 2.117E-06 2.151E-06 2.186E-06 2.219E-06 2.251E-06 2.281E-06
 2.312E-06 2.354E-06 2.484E-06 2.731E-06 2.952E-06 3.055E-06 3.093E-06 3.118E-06
 3.140E-06
 2.089E-06 2.090E-06 2.093E-06 2.095E-06 2.098E-06 2.101E-06 2.104E-06 2.107E-06
 2.110E-06 2.114E-06 2.117E-06 2.151E-06 2.185E-06 2.218E-06 2.250E-06 2.281E-06
 2.312E-06 2.354E-06 2.483E-06 2.731E-06 2.952E-06 3.055E-06 3.093E-06 3.118E-06
 3.139E-06
 2.089E-06 2.090E-06 2.092E-06 2.095E-06 2.098E-06 2.101E-06 2.104E-06 2.107E-06
 2.110E-06 2.113E-06 2.116E-06 2.150E-06 2.185E-06 2.218E-06 2.250E-06 2.281E-06
 2.312E-06 2.354E-06 2.483E-06 2.730E-06 2.951E-06 3.054E-06 3.092E-06 3.118E-06
 3.139E-06
 2.088E-06 2.089E-06 2.092E-06 2.094E-06 2.097E-06 2.100E-06 2.103E-06 2.106E-06
 2.109E-06 2.113E-06 2.116E-06 2.150E-06 2.184E-06 2.217E-06 2.249E-06 2.280E-06
 2.311E-06 2.353E-06 2.482E-06 2.730E-06 2.951E-06 3.054E-06 3.092E-06 3.117E-06
 3.138E-06
 2.083E-06 2.085E-06 2.087E-06 2.090E-06 2.093E-06 2.095E-06 2.098E-06 2.101E-06
 2.105E-06 2.108E-06 2.111E-06 2.145E-06 2.180E-06 2.213E-06 2.245E-06 2.276E-06
 2.307E-06 2.349E-06 2.478E-06 2.726E-06 2.947E-06 3.050E-06 3.088E-06 3.113E-06
 3.134E-06
 2.079E-06 2.080E-06 2.082E-06 2.085E-06 2.088E-06 2.091E-06 2.094E-06 2.097E-06
 2.100E-06 2.103E-06 2.106E-06 2.141E-06 2.175E-06 2.208E-06 2.241E-06 2.272E-06
 2.303E-06 2.345E-06 2.474E-06 2.722E-06 2.943E-06 3.046E-06 3.084E-06 3.109E-06
 3.130E-06
 2.074E-06 2.075E-06 2.078E-06 2.080E-06 2.083E-06 2.086E-06 2.089E-06 2.092E-06
 2.095E-06 2.099E-06 2.102E-06 2.136E-06 2.170E-06 2.204E-06 2.236E-06 2.267E-06
 2.298E-06 2.340E-06 2.470E-06 2.717E-06 2.938E-06 3.041E-06 3.079E-06 3.105E-06
 3.126E-06
 2.070E-06 2.071E-06 2.073E-06 2.076E-06 2.079E-06 2.082E-06 2.085E-06 2.088E-06
 2.091E-06 2.094E-06 2.097E-06 2.132E-06 2.166E-06 2.199E-06 2.232E-06 2.263E-06
 2.294E-06 2.336E-06 2.465E-06 2.713E-06 2.934E-06 3.037E-06 3.075E-06 3.101E-06
 3.122E-06
 2.065E-06 2.066E-06 2.069E-06 2.071E-06 2.074E-06 2.077E-06 2.080E-06 2.083E-06
 2.086E-06 2.089E-06 2.093E-06 2.127E-06 2.161E-06 2.195E-06 2.227E-06 2.258E-06
 2.290E-06 2.332E-06 2.461E-06 2.709E-06 2.930E-06 3.033E-06 3.071E-06 3.097E-06
 3.118E-06
 2.061E-06 2.062E-06 2.064E-06 2.067E-06 2.070E-06 2.073E-06 2.076E-06 2.079E-06
 2.082E-06 2.085E-06 2.088E-06 2.123E-06 2.157E-06 2.190E-06 2.223E-06 2.254E-06
 2.285E-06 2.327E-06 2.457E-06 2.705E-06 2.926E-06 3.029E-06 3.067E-06 3.093E-06
 3.114E-06
--------------------------------------------------------------------------------
   20 /EREF=3.000E+03 /NREF=3.000E+12
--------------------------------------------------------------------------------
 1.000E+01 2.000E+01 3.000E+01 4.000E+01 5.000E+01 6.000E+01 7.000E+01 8.000E+01
 8.966E+01 1.000E+02 2.000E+02 3.000E+02 4.000E+02 5.000E+02 6.000E+02 7.000E+02
 8.000E+02 8.966E+02 1.000E+03 2.000E+03
--------------------------------------------------------------------------------
 2.844E-06 2.847E-06 2.752E-06 2.648E-06 2.551E-06 2.461E-06 2.381E-06 2.310E-06
 2.245E-06 2.187E-06 1.812E-06 1.607E-06 1.472E-06 1.374E-06 1.299E-06 1.239E-06
 1.190E-06 1.149E-06 1.114E-06 9.359E-07
--------------------------------------------------------------------------------
C
C
C     ADAS FILE TYPE : 	ADF21
C     SOURCE FILE    :  /home/anderson/adas/adf26/bnl99#he/bnl99#he_h1.dat          
C
C     USER ID	     :  anderson        
C
--------------------------------------------------------------------------------
 
C---------------------------------------------------------------------------------
C ADAS ADF21/bms99#he_slow DATA - SCCS info: @(#)$Header: /u/xshare/Attic/repos/codesys/source/adas/data/adf21/bms99#he_slow/gcrc22/gcrc22#he_h1.dat,v 1.1 2009-07-30 05:39:32 Marina Gorelenkova Exp $ Date $Date: 2009-07-30 05:39:32 $
C---------------------------------------------------------------------------------
