    4 /GCRC5=2.128E-06 /SPEC=BE /DATE=06/01/99 /CODE=ADAS313
--------------------------------------------------------------------------------
   25   25 /TREF=1.000E+02
--------------------------------------------------------------------------------
 5.000E+01 1.000E+02 2.000E+02 3.000E+02 4.000E+02 5.000E+02 6.000E+02 7.000E+02
 8.000E+02 9.000E+02 1.000E+03 2.000E+03 3.000E+03 4.000E+03 5.000E+03 6.000E+03
 7.000E+03 8.000E+03 9.000E+03 1.000E+04 1.100E+04 1.200E+04 1.300E+04 1.400E+04
 1.500E+04
 1.000E+11 2.000E+11 3.000E+11 4.000E+11 5.000E+11 6.000E+11 7.000E+11 8.000E+11
 9.000E+11 1.000E+12 2.000E+12 3.000E+12 4.000E+12 5.000E+12 6.000E+12 7.000E+12
 8.000E+12 9.000E+12 1.000E+13 2.000E+13 3.000E+13 4.000E+13 5.000E+13 6.000E+13
 7.000E+13
--------------------------------------------------------------------------------
 2.091E-06 2.091E-06 2.092E-06 2.093E-06 2.094E-06 2.095E-06 2.096E-06 2.097E-06
 2.098E-06 2.099E-06 2.100E-06 2.114E-06 2.129E-06 2.145E-06 2.162E-06 2.179E-06
 2.196E-06 2.213E-06 2.276E-06 3.582E-06 4.660E-06 4.695E-06 4.698E-06 4.702E-06
 4.698E-06
 2.091E-06 2.091E-06 2.092E-06 2.093E-06 2.094E-06 2.095E-06 2.096E-06 2.097E-06
 2.098E-06 2.099E-06 2.100E-06 2.114E-06 2.129E-06 2.145E-06 2.162E-06 2.179E-06
 2.196E-06 2.213E-06 2.276E-06 3.582E-06 4.660E-06 4.695E-06 4.698E-06 4.702E-06
 4.698E-06
 2.091E-06 2.091E-06 2.092E-06 2.093E-06 2.094E-06 2.095E-06 2.096E-06 2.097E-06
 2.098E-06 2.099E-06 2.100E-06 2.114E-06 2.129E-06 2.145E-06 2.162E-06 2.179E-06
 2.196E-06 2.213E-06 2.276E-06 3.582E-06 4.660E-06 4.695E-06 4.698E-06 4.702E-06
 4.698E-06
 2.091E-06 2.091E-06 2.092E-06 2.093E-06 2.094E-06 2.095E-06 2.096E-06 2.097E-06
 2.098E-06 2.099E-06 2.100E-06 2.114E-06 2.129E-06 2.145E-06 2.162E-06 2.179E-06
 2.196E-06 2.213E-06 2.276E-06 3.582E-06 4.660E-06 4.695E-06 4.698E-06 4.702E-06
 4.698E-06
 2.091E-06 2.091E-06 2.092E-06 2.093E-06 2.094E-06 2.095E-06 2.096E-06 2.097E-06
 2.098E-06 2.099E-06 2.100E-06 2.114E-06 2.129E-06 2.145E-06 2.162E-06 2.179E-06
 2.196E-06 2.213E-06 2.276E-06 3.582E-06 4.660E-06 4.695E-06 4.699E-06 4.702E-06
 4.698E-06
 2.091E-06 2.091E-06 2.092E-06 2.093E-06 2.094E-06 2.095E-06 2.096E-06 2.097E-06
 2.098E-06 2.099E-06 2.100E-06 2.114E-06 2.129E-06 2.145E-06 2.162E-06 2.179E-06
 2.196E-06 2.213E-06 2.276E-06 3.582E-06 4.660E-06 4.695E-06 4.699E-06 4.703E-06
 4.698E-06
 2.091E-06 2.091E-06 2.092E-06 2.093E-06 2.094E-06 2.095E-06 2.096E-06 2.097E-06
 2.098E-06 2.099E-06 2.100E-06 2.114E-06 2.129E-06 2.145E-06 2.162E-06 2.179E-06
 2.196E-06 2.213E-06 2.276E-06 3.582E-06 4.660E-06 4.695E-06 4.699E-06 4.703E-06
 4.698E-06
 2.091E-06 2.091E-06 2.092E-06 2.093E-06 2.094E-06 2.095E-06 2.096E-06 2.097E-06
 2.098E-06 2.099E-06 2.100E-06 2.114E-06 2.129E-06 2.145E-06 2.162E-06 2.179E-06
 2.196E-06 2.213E-06 2.276E-06 3.582E-06 4.660E-06 4.695E-06 4.699E-06 4.703E-06
 4.698E-06
 2.091E-06 2.091E-06 2.092E-06 2.093E-06 2.093E-06 2.094E-06 2.095E-06 2.097E-06
 2.098E-06 2.099E-06 2.100E-06 2.114E-06 2.129E-06 2.145E-06 2.162E-06 2.179E-06
 2.196E-06 2.213E-06 2.276E-06 3.582E-06 4.660E-06 4.695E-06 4.699E-06 4.703E-06
 4.698E-06
 2.091E-06 2.091E-06 2.092E-06 2.092E-06 2.093E-06 2.094E-06 2.095E-06 2.097E-06
 2.098E-06 2.099E-06 2.100E-06 2.114E-06 2.129E-06 2.145E-06 2.162E-06 2.179E-06
 2.196E-06 2.213E-06 2.276E-06 3.582E-06 4.660E-06 4.695E-06 4.699E-06 4.703E-06
 4.698E-06
 2.090E-06 2.090E-06 2.091E-06 2.092E-06 2.093E-06 2.094E-06 2.095E-06 2.096E-06
 2.097E-06 2.098E-06 2.099E-06 2.113E-06 2.129E-06 2.145E-06 2.162E-06 2.179E-06
 2.196E-06 2.213E-06 2.276E-06 3.582E-06 4.660E-06 4.695E-06 4.698E-06 4.702E-06
 4.698E-06
 2.090E-06 2.090E-06 2.091E-06 2.091E-06 2.092E-06 2.093E-06 2.094E-06 2.095E-06
 2.097E-06 2.098E-06 2.099E-06 2.113E-06 2.128E-06 2.144E-06 2.161E-06 2.178E-06
 2.196E-06 2.213E-06 2.276E-06 3.582E-06 4.660E-06 4.695E-06 4.698E-06 4.702E-06
 4.698E-06
 2.089E-06 2.089E-06 2.090E-06 2.091E-06 2.092E-06 2.093E-06 2.094E-06 2.095E-06
 2.096E-06 2.097E-06 2.098E-06 2.112E-06 2.128E-06 2.144E-06 2.161E-06 2.178E-06
 2.195E-06 2.213E-06 2.276E-06 3.582E-06 4.660E-06 4.695E-06 4.698E-06 4.702E-06
 4.697E-06
 2.089E-06 2.089E-06 2.090E-06 2.090E-06 2.091E-06 2.092E-06 2.093E-06 2.094E-06
 2.096E-06 2.097E-06 2.098E-06 2.112E-06 2.127E-06 2.143E-06 2.160E-06 2.178E-06
 2.195E-06 2.212E-06 2.275E-06 3.581E-06 4.659E-06 4.694E-06 4.698E-06 4.702E-06
 4.697E-06
 2.088E-06 2.088E-06 2.089E-06 2.090E-06 2.091E-06 2.092E-06 2.093E-06 2.094E-06
 2.095E-06 2.096E-06 2.097E-06 2.111E-06 2.127E-06 2.143E-06 2.160E-06 2.177E-06
 2.195E-06 2.212E-06 2.275E-06 3.581E-06 4.659E-06 4.694E-06 4.697E-06 4.701E-06
 4.697E-06
 2.088E-06 2.088E-06 2.089E-06 2.089E-06 2.090E-06 2.091E-06 2.092E-06 2.093E-06
 2.095E-06 2.096E-06 2.097E-06 2.111E-06 2.126E-06 2.142E-06 2.160E-06 2.177E-06
 2.194E-06 2.211E-06 2.275E-06 3.581E-06 4.659E-06 4.694E-06 4.697E-06 4.701E-06
 4.697E-06
 2.087E-06 2.087E-06 2.088E-06 2.089E-06 2.090E-06 2.091E-06 2.092E-06 2.093E-06
 2.094E-06 2.095E-06 2.097E-06 2.110E-06 2.126E-06 2.142E-06 2.159E-06 2.176E-06
 2.194E-06 2.211E-06 2.274E-06 3.580E-06 4.658E-06 4.693E-06 4.697E-06 4.701E-06
 4.696E-06
 2.087E-06 2.087E-06 2.088E-06 2.088E-06 2.089E-06 2.090E-06 2.091E-06 2.092E-06
 2.094E-06 2.095E-06 2.096E-06 2.110E-06 2.125E-06 2.141E-06 2.159E-06 2.176E-06
 2.193E-06 2.211E-06 2.274E-06 3.580E-06 4.658E-06 4.693E-06 4.696E-06 4.700E-06
 4.696E-06
 2.086E-06 2.086E-06 2.087E-06 2.088E-06 2.089E-06 2.090E-06 2.091E-06 2.092E-06
 2.093E-06 2.094E-06 2.096E-06 2.109E-06 2.125E-06 2.141E-06 2.158E-06 2.176E-06
 2.193E-06 2.210E-06 2.273E-06 3.579E-06 4.658E-06 4.693E-06 4.696E-06 4.700E-06
 4.695E-06
 2.081E-06 2.082E-06 2.082E-06 2.083E-06 2.084E-06 2.085E-06 2.086E-06 2.087E-06
 2.088E-06 2.090E-06 2.091E-06 2.105E-06 2.120E-06 2.136E-06 2.154E-06 2.171E-06
 2.189E-06 2.206E-06 2.269E-06 3.576E-06 4.654E-06 4.689E-06 4.692E-06 4.696E-06
 4.692E-06
 2.077E-06 2.077E-06 2.078E-06 2.078E-06 2.079E-06 2.080E-06 2.081E-06 2.083E-06
 2.084E-06 2.085E-06 2.086E-06 2.100E-06 2.115E-06 2.131E-06 2.149E-06 2.167E-06
 2.185E-06 2.202E-06 2.265E-06 3.571E-06 4.650E-06 4.685E-06 4.688E-06 4.692E-06
 4.688E-06
 2.072E-06 2.072E-06 2.073E-06 2.074E-06 2.075E-06 2.076E-06 2.077E-06 2.078E-06
 2.079E-06 2.080E-06 2.081E-06 2.095E-06 2.111E-06 2.127E-06 2.145E-06 2.163E-06
 2.180E-06 2.197E-06 2.261E-06 3.567E-06 4.646E-06 4.681E-06 4.684E-06 4.688E-06
 4.684E-06
 2.067E-06 2.068E-06 2.068E-06 2.069E-06 2.070E-06 2.071E-06 2.072E-06 2.073E-06
 2.074E-06 2.076E-06 2.077E-06 2.091E-06 2.106E-06 2.122E-06 2.141E-06 2.158E-06
 2.176E-06 2.193E-06 2.256E-06 3.563E-06 4.642E-06 4.677E-06 4.681E-06 4.685E-06
 4.680E-06
 2.063E-06 2.063E-06 2.064E-06 2.065E-06 2.066E-06 2.067E-06 2.068E-06 2.069E-06
 2.070E-06 2.071E-06 2.072E-06 2.086E-06 2.102E-06 2.118E-06 2.136E-06 2.154E-06
 2.171E-06 2.189E-06 2.252E-06 3.559E-06 4.638E-06 4.673E-06 4.677E-06 4.681E-06
 4.677E-06
 2.058E-06 2.059E-06 2.059E-06 2.060E-06 2.061E-06 2.062E-06 2.063E-06 2.064E-06
 2.065E-06 2.067E-06 2.068E-06 2.082E-06 2.097E-06 2.113E-06 2.132E-06 2.150E-06
 2.167E-06 2.184E-06 2.248E-06 3.555E-06 4.635E-06 4.670E-06 4.673E-06 4.677E-06
 4.673E-06
--------------------------------------------------------------------------------
   20 /EREF=3.000E+03 /NREF=3.000E+12
--------------------------------------------------------------------------------
 1.000E+01 2.000E+01 3.000E+01 4.000E+01 5.000E+01 6.000E+01 7.000E+01 8.000E+01
 8.966E+01 1.000E+02 2.000E+02 3.000E+02 4.000E+02 5.000E+02 6.000E+02 7.000E+02
 8.000E+02 8.966E+02 1.000E+03 2.000E+03
--------------------------------------------------------------------------------
 2.798E-06 2.794E-06 2.697E-06 2.592E-06 2.494E-06 2.404E-06 2.323E-06 2.251E-06
 2.186E-06 2.128E-06 1.750E-06 1.542E-06 1.405E-06 1.305E-06 1.228E-06 1.166E-06
 1.114E-06 1.070E-06 1.032E-06 8.143E-07
--------------------------------------------------------------------------------
C
C
C     ADAS FILE TYPE : 	ADF21
C     SOURCE FILE    :  /home/anderson/adas/adf26/bnl99#he/bnl99#he_be4.dat         
C
C     USER ID	     :  anderson        
C
--------------------------------------------------------------------------------
 
C---------------------------------------------------------------------------------
C ADAS ADF21/bms99#he_slow DATA - SCCS info: @(#)$Header: /u/xshare/Attic/repos/codesys/source/adas/data/adf21/bms99#he_slow/gcrc22/gcrc22#he_be4.dat,v 1.1 2009-07-30 05:39:32 Marina Gorelenkova Exp $ Date $Date: 2009-07-30 05:39:32 $
C---------------------------------------------------------------------------------
