    3 /GCRC5=2.137E-06 /SPEC=LI /DATE=06/01/99 /CODE=ADAS313
--------------------------------------------------------------------------------
   25   25 /TREF=1.000E+02
--------------------------------------------------------------------------------
 5.000E+01 1.000E+02 2.000E+02 3.000E+02 4.000E+02 5.000E+02 6.000E+02 7.000E+02
 8.000E+02 9.000E+02 1.000E+03 2.000E+03 3.000E+03 4.000E+03 5.000E+03 6.000E+03
 7.000E+03 8.000E+03 9.000E+03 1.000E+04 1.100E+04 1.200E+04 1.300E+04 1.400E+04
 1.500E+04
 1.000E+11 2.000E+11 3.000E+11 4.000E+11 5.000E+11 6.000E+11 7.000E+11 8.000E+11
 9.000E+11 1.000E+12 2.000E+12 3.000E+12 4.000E+12 5.000E+12 6.000E+12 7.000E+12
 8.000E+12 9.000E+12 1.000E+13 2.000E+13 3.000E+13 4.000E+13 5.000E+13 6.000E+13
 7.000E+13
--------------------------------------------------------------------------------
 2.091E-06 2.092E-06 2.093E-06 2.094E-06 2.095E-06 2.096E-06 2.097E-06 2.099E-06
 2.100E-06 2.101E-06 2.103E-06 2.120E-06 2.138E-06 2.157E-06 2.177E-06 2.197E-06
 2.217E-06 2.237E-06 2.324E-06 3.271E-06 4.068E-06 4.124E-06 4.132E-06 4.140E-06
 4.142E-06
 2.091E-06 2.092E-06 2.093E-06 2.094E-06 2.095E-06 2.096E-06 2.097E-06 2.099E-06
 2.100E-06 2.101E-06 2.103E-06 2.120E-06 2.138E-06 2.157E-06 2.177E-06 2.197E-06
 2.217E-06 2.237E-06 2.324E-06 3.271E-06 4.068E-06 4.124E-06 4.132E-06 4.141E-06
 4.142E-06
 2.091E-06 2.092E-06 2.092E-06 2.094E-06 2.095E-06 2.096E-06 2.097E-06 2.099E-06
 2.100E-06 2.101E-06 2.103E-06 2.120E-06 2.138E-06 2.157E-06 2.177E-06 2.197E-06
 2.217E-06 2.237E-06 2.324E-06 3.271E-06 4.068E-06 4.124E-06 4.132E-06 4.141E-06
 4.142E-06
 2.091E-06 2.091E-06 2.092E-06 2.093E-06 2.095E-06 2.096E-06 2.097E-06 2.099E-06
 2.100E-06 2.101E-06 2.103E-06 2.120E-06 2.138E-06 2.157E-06 2.177E-06 2.197E-06
 2.217E-06 2.237E-06 2.324E-06 3.271E-06 4.068E-06 4.124E-06 4.132E-06 4.141E-06
 4.142E-06
 2.091E-06 2.091E-06 2.092E-06 2.093E-06 2.095E-06 2.096E-06 2.097E-06 2.098E-06
 2.100E-06 2.101E-06 2.103E-06 2.120E-06 2.138E-06 2.157E-06 2.177E-06 2.197E-06
 2.217E-06 2.237E-06 2.324E-06 3.271E-06 4.068E-06 4.124E-06 4.132E-06 4.141E-06
 4.142E-06
 2.091E-06 2.091E-06 2.092E-06 2.093E-06 2.095E-06 2.096E-06 2.097E-06 2.098E-06
 2.100E-06 2.101E-06 2.103E-06 2.120E-06 2.138E-06 2.157E-06 2.177E-06 2.197E-06
 2.217E-06 2.237E-06 2.324E-06 3.271E-06 4.068E-06 4.124E-06 4.132E-06 4.141E-06
 4.142E-06
 2.091E-06 2.091E-06 2.092E-06 2.093E-06 2.094E-06 2.096E-06 2.097E-06 2.098E-06
 2.100E-06 2.101E-06 2.103E-06 2.120E-06 2.138E-06 2.157E-06 2.177E-06 2.197E-06
 2.217E-06 2.237E-06 2.324E-06 3.271E-06 4.068E-06 4.124E-06 4.132E-06 4.141E-06
 4.142E-06
 2.091E-06 2.091E-06 2.092E-06 2.093E-06 2.094E-06 2.096E-06 2.097E-06 2.098E-06
 2.100E-06 2.101E-06 2.103E-06 2.120E-06 2.138E-06 2.157E-06 2.177E-06 2.197E-06
 2.217E-06 2.237E-06 2.324E-06 3.271E-06 4.068E-06 4.124E-06 4.132E-06 4.141E-06
 4.142E-06
 2.091E-06 2.091E-06 2.092E-06 2.093E-06 2.094E-06 2.096E-06 2.097E-06 2.098E-06
 2.100E-06 2.101E-06 2.103E-06 2.119E-06 2.138E-06 2.157E-06 2.177E-06 2.197E-06
 2.217E-06 2.237E-06 2.324E-06 3.271E-06 4.068E-06 4.124E-06 4.132E-06 4.141E-06
 4.142E-06
 2.091E-06 2.091E-06 2.092E-06 2.093E-06 2.094E-06 2.096E-06 2.097E-06 2.098E-06
 2.100E-06 2.101E-06 2.103E-06 2.119E-06 2.138E-06 2.157E-06 2.177E-06 2.197E-06
 2.217E-06 2.237E-06 2.324E-06 3.271E-06 4.068E-06 4.124E-06 4.132E-06 4.141E-06
 4.142E-06
 2.090E-06 2.091E-06 2.092E-06 2.093E-06 2.094E-06 2.095E-06 2.096E-06 2.098E-06
 2.099E-06 2.101E-06 2.102E-06 2.119E-06 2.137E-06 2.157E-06 2.177E-06 2.197E-06
 2.217E-06 2.237E-06 2.324E-06 3.271E-06 4.068E-06 4.124E-06 4.132E-06 4.141E-06
 4.142E-06
 2.090E-06 2.090E-06 2.091E-06 2.092E-06 2.093E-06 2.094E-06 2.096E-06 2.097E-06
 2.099E-06 2.100E-06 2.102E-06 2.119E-06 2.137E-06 2.156E-06 2.176E-06 2.196E-06
 2.217E-06 2.237E-06 2.323E-06 3.270E-06 4.067E-06 4.123E-06 4.132E-06 4.140E-06
 4.142E-06
 2.089E-06 2.090E-06 2.090E-06 2.092E-06 2.093E-06 2.094E-06 2.095E-06 2.097E-06
 2.098E-06 2.100E-06 2.101E-06 2.118E-06 2.137E-06 2.156E-06 2.176E-06 2.196E-06
 2.216E-06 2.236E-06 2.323E-06 3.270E-06 4.067E-06 4.123E-06 4.131E-06 4.140E-06
 4.142E-06
 2.089E-06 2.089E-06 2.090E-06 2.091E-06 2.092E-06 2.093E-06 2.095E-06 2.096E-06
 2.098E-06 2.099E-06 2.101E-06 2.118E-06 2.136E-06 2.155E-06 2.176E-06 2.196E-06
 2.216E-06 2.236E-06 2.323E-06 3.270E-06 4.067E-06 4.123E-06 4.131E-06 4.140E-06
 4.141E-06
 2.088E-06 2.089E-06 2.089E-06 2.091E-06 2.092E-06 2.093E-06 2.094E-06 2.096E-06
 2.097E-06 2.099E-06 2.100E-06 2.117E-06 2.136E-06 2.155E-06 2.175E-06 2.195E-06
 2.216E-06 2.235E-06 2.322E-06 3.269E-06 4.066E-06 4.122E-06 4.131E-06 4.139E-06
 4.141E-06
 2.088E-06 2.088E-06 2.089E-06 2.090E-06 2.091E-06 2.092E-06 2.094E-06 2.095E-06
 2.097E-06 2.098E-06 2.100E-06 2.117E-06 2.135E-06 2.154E-06 2.175E-06 2.195E-06
 2.215E-06 2.235E-06 2.322E-06 3.269E-06 4.066E-06 4.122E-06 4.130E-06 4.139E-06
 4.141E-06
 2.087E-06 2.088E-06 2.089E-06 2.090E-06 2.091E-06 2.092E-06 2.093E-06 2.095E-06
 2.096E-06 2.098E-06 2.099E-06 2.116E-06 2.135E-06 2.154E-06 2.174E-06 2.195E-06
 2.215E-06 2.235E-06 2.322E-06 3.269E-06 4.066E-06 4.122E-06 4.130E-06 4.139E-06
 4.140E-06
 2.087E-06 2.087E-06 2.088E-06 2.089E-06 2.090E-06 2.092E-06 2.093E-06 2.094E-06
 2.096E-06 2.097E-06 2.099E-06 2.116E-06 2.134E-06 2.154E-06 2.174E-06 2.194E-06
 2.214E-06 2.234E-06 2.321E-06 3.268E-06 4.065E-06 4.121E-06 4.130E-06 4.138E-06
 4.140E-06
 2.086E-06 2.087E-06 2.088E-06 2.089E-06 2.090E-06 2.091E-06 2.092E-06 2.094E-06
 2.095E-06 2.097E-06 2.098E-06 2.115E-06 2.134E-06 2.153E-06 2.173E-06 2.194E-06
 2.214E-06 2.234E-06 2.321E-06 3.268E-06 4.065E-06 4.121E-06 4.129E-06 4.138E-06
 4.140E-06
 2.081E-06 2.082E-06 2.083E-06 2.084E-06 2.085E-06 2.086E-06 2.088E-06 2.089E-06
 2.090E-06 2.092E-06 2.093E-06 2.110E-06 2.129E-06 2.148E-06 2.169E-06 2.190E-06
 2.210E-06 2.230E-06 2.317E-06 3.264E-06 4.061E-06 4.117E-06 4.126E-06 4.134E-06
 4.136E-06
 2.077E-06 2.077E-06 2.078E-06 2.079E-06 2.080E-06 2.082E-06 2.083E-06 2.084E-06
 2.086E-06 2.087E-06 2.089E-06 2.106E-06 2.124E-06 2.144E-06 2.165E-06 2.185E-06
 2.205E-06 2.225E-06 2.312E-06 3.260E-06 4.057E-06 4.113E-06 4.122E-06 4.130E-06
 4.132E-06
 2.072E-06 2.072E-06 2.073E-06 2.075E-06 2.076E-06 2.077E-06 2.078E-06 2.080E-06
 2.081E-06 2.083E-06 2.084E-06 2.101E-06 2.120E-06 2.139E-06 2.160E-06 2.181E-06
 2.201E-06 2.221E-06 2.308E-06 3.256E-06 4.053E-06 4.109E-06 4.118E-06 4.126E-06
 4.128E-06
 2.068E-06 2.068E-06 2.069E-06 2.070E-06 2.071E-06 2.072E-06 2.074E-06 2.075E-06
 2.076E-06 2.078E-06 2.079E-06 2.097E-06 2.115E-06 2.135E-06 2.156E-06 2.176E-06
 2.197E-06 2.217E-06 2.304E-06 3.252E-06 4.049E-06 4.105E-06 4.114E-06 4.122E-06
 4.124E-06
 2.063E-06 2.063E-06 2.064E-06 2.065E-06 2.067E-06 2.068E-06 2.069E-06 2.071E-06
 2.072E-06 2.073E-06 2.075E-06 2.092E-06 2.111E-06 2.130E-06 2.151E-06 2.172E-06
 2.192E-06 2.212E-06 2.299E-06 3.248E-06 4.045E-06 4.101E-06 4.110E-06 4.119E-06
 4.120E-06
 2.059E-06 2.059E-06 2.060E-06 2.061E-06 2.062E-06 2.063E-06 2.065E-06 2.066E-06
 2.067E-06 2.069E-06 2.070E-06 2.088E-06 2.106E-06 2.126E-06 2.147E-06 2.168E-06
 2.188E-06 2.208E-06 2.295E-06 3.244E-06 4.042E-06 4.098E-06 4.106E-06 4.115E-06
 4.117E-06
--------------------------------------------------------------------------------
   20 /EREF=3.000E+03 /NREF=3.000E+12
--------------------------------------------------------------------------------
 1.000E+01 2.000E+01 3.000E+01 4.000E+01 5.000E+01 6.000E+01 7.000E+01 8.000E+01
 8.966E+01 1.000E+02 2.000E+02 3.000E+02 4.000E+02 5.000E+02 6.000E+02 7.000E+02
 8.000E+02 8.966E+02 1.000E+03 2.000E+03
--------------------------------------------------------------------------------
 2.805E-06 2.802E-06 2.705E-06 2.601E-06 2.502E-06 2.412E-06 2.332E-06 2.260E-06
 2.195E-06 2.137E-06 1.759E-06 1.552E-06 1.415E-06 1.315E-06 1.238E-06 1.176E-06
 1.124E-06 1.081E-06 1.043E-06 8.265E-07
--------------------------------------------------------------------------------
C
C
C     ADAS FILE TYPE : 	ADF21
C     SOURCE FILE    :  /home/anderson/adas/adf26/bnl99#he/bnl99#he_li3.dat         
C
C     USER ID	     :  anderson        
C
--------------------------------------------------------------------------------
 
C---------------------------------------------------------------------------------
C ADAS ADF21/bms99#he_slow DATA - SCCS info: @(#)$Header: /u/xshare/Attic/repos/codesys/source/adas/data/adf21/bms99#he_slow/gcrc22/gcrc22#he_li3.dat,v 1.1 2009-07-30 05:39:33 Marina Gorelenkova Exp $ Date $Date: 2009-07-30 05:39:33 $
C---------------------------------------------------------------------------------
