    4 /GCRC8=6.339E-09 /SPEC=BE /DATE=06/01/99 /CODE=ADAS313
--------------------------------------------------------------------------------
   25   25 /TREF=1.000E+02
--------------------------------------------------------------------------------
 5.000E+01 1.000E+02 2.000E+02 3.000E+02 4.000E+02 5.000E+02 6.000E+02 7.000E+02
 8.000E+02 9.000E+02 1.000E+03 2.000E+03 3.000E+03 4.000E+03 5.000E+03 6.000E+03
 7.000E+03 8.000E+03 9.000E+03 1.000E+04 1.100E+04 1.200E+04 1.300E+04 1.400E+04
 1.500E+04
 1.000E+11 2.000E+11 3.000E+11 4.000E+11 5.000E+11 6.000E+11 7.000E+11 8.000E+11
 9.000E+11 1.000E+12 2.000E+12 3.000E+12 4.000E+12 5.000E+12 6.000E+12 7.000E+12
 8.000E+12 9.000E+12 1.000E+13 2.000E+13 3.000E+13 4.000E+13 5.000E+13 6.000E+13
 7.000E+13
--------------------------------------------------------------------------------
 1.874E-08 1.874E-08 1.873E-08 1.872E-08 1.872E-08 1.871E-08 1.870E-08 1.870E-08
 1.869E-08 1.868E-08 1.867E-08 1.773E-08 1.686E-08 1.690E-08 1.686E-08 1.684E-08
 1.690E-08 1.695E-08 1.698E-08 1.683E-08 1.671E-08 1.673E-08 1.675E-08 1.676E-08
 1.677E-08
 1.826E-08 1.825E-08 1.823E-08 1.821E-08 1.820E-08 1.818E-08 1.817E-08 1.815E-08
 1.814E-08 1.812E-08 1.810E-08 1.649E-08 1.515E-08 1.519E-08 1.509E-08 1.503E-08
 1.510E-08 1.516E-08 1.520E-08 1.492E-08 1.471E-08 1.473E-08 1.474E-08 1.475E-08
 1.476E-08
 1.777E-08 1.775E-08 1.773E-08 1.771E-08 1.768E-08 1.766E-08 1.764E-08 1.761E-08
 1.759E-08 1.757E-08 1.754E-08 1.547E-08 1.386E-08 1.390E-08 1.374E-08 1.365E-08
 1.372E-08 1.379E-08 1.382E-08 1.345E-08 1.317E-08 1.319E-08 1.320E-08 1.321E-08
 1.321E-08
 1.730E-08 1.728E-08 1.725E-08 1.722E-08 1.719E-08 1.716E-08 1.713E-08 1.710E-08
 1.707E-08 1.704E-08 1.701E-08 1.461E-08 1.286E-08 1.289E-08 1.268E-08 1.256E-08
 1.264E-08 1.270E-08 1.273E-08 1.229E-08 1.196E-08 1.197E-08 1.198E-08 1.199E-08
 1.199E-08
 1.686E-08 1.684E-08 1.680E-08 1.676E-08 1.673E-08 1.669E-08 1.666E-08 1.662E-08
 1.659E-08 1.655E-08 1.652E-08 1.388E-08 1.204E-08 1.207E-08 1.182E-08 1.168E-08
 1.175E-08 1.182E-08 1.184E-08 1.134E-08 1.097E-08 1.098E-08 1.100E-08 1.100E-08
 1.101E-08
 1.644E-08 1.642E-08 1.637E-08 1.633E-08 1.629E-08 1.625E-08 1.621E-08 1.618E-08
 1.614E-08 1.610E-08 1.606E-08 1.325E-08 1.137E-08 1.140E-08 1.111E-08 1.096E-08
 1.102E-08 1.109E-08 1.111E-08 1.056E-08 1.016E-08 1.017E-08 1.018E-08 1.019E-08
 1.020E-08
 1.605E-08 1.602E-08 1.597E-08 1.593E-08 1.589E-08 1.584E-08 1.580E-08 1.576E-08
 1.571E-08 1.567E-08 1.562E-08 1.270E-08 1.080E-08 1.083E-08 1.052E-08 1.034E-08
 1.041E-08 1.047E-08 1.049E-08 9.900E-09 9.481E-09 9.489E-09 9.502E-09 9.509E-09
 9.515E-09
 1.567E-08 1.565E-08 1.560E-08 1.555E-08 1.550E-08 1.546E-08 1.541E-08 1.536E-08
 1.532E-08 1.527E-08 1.522E-08 1.221E-08 1.032E-08 1.034E-08 1.000E-08 9.817E-09
 9.882E-09 9.941E-09 9.959E-09 9.336E-09 8.901E-09 8.908E-09 8.921E-09 8.928E-09
 8.935E-09
 1.532E-08 1.529E-08 1.524E-08 1.519E-08 1.514E-08 1.509E-08 1.504E-08 1.499E-08
 1.495E-08 1.490E-08 1.485E-08 1.177E-08 9.896E-09 9.914E-09 9.559E-09 9.363E-09
 9.425E-09 9.484E-09 9.499E-09 8.847E-09 8.400E-09 8.407E-09 8.421E-09 8.428E-09
 8.435E-09
 1.499E-08 1.496E-08 1.491E-08 1.485E-08 1.480E-08 1.475E-08 1.470E-08 1.465E-08
 1.460E-08 1.455E-08 1.449E-08 1.138E-08 9.527E-09 9.543E-09 9.170E-09 8.965E-09
 9.026E-09 9.082E-09 9.096E-09 8.420E-09 7.965E-09 7.972E-09 7.985E-09 7.992E-09
 8.000E-09
 1.246E-08 1.242E-08 1.236E-08 1.230E-08 1.224E-08 1.218E-08 1.212E-08 1.206E-08
 1.200E-08 1.194E-08 1.188E-08 8.872E-09 7.360E-09 7.364E-09 6.888E-09 6.650E-09
 6.694E-09 6.739E-09 6.737E-09 5.957E-09 5.500E-09 5.505E-09 5.517E-09 5.526E-09
 5.536E-09
 1.081E-08 1.078E-08 1.072E-08 1.066E-08 1.060E-08 1.054E-08 1.048E-08 1.042E-08
 1.037E-08 1.031E-08 1.025E-08 7.572E-09 6.339E-09 6.337E-09 5.824E-09 5.587E-09
 5.621E-09 5.657E-09 5.646E-09 4.860E-09 4.445E-09 4.449E-09 4.460E-09 4.469E-09
 4.478E-09
 9.647E-09 9.617E-09 9.559E-09 9.503E-09 9.447E-09 9.392E-09 9.337E-09 9.283E-09
 9.230E-09 9.178E-09 9.124E-09 6.755E-09 5.721E-09 5.715E-09 5.191E-09 4.965E-09
 4.992E-09 5.021E-09 5.006E-09 4.242E-09 3.870E-09 3.873E-09 3.883E-09 3.891E-09
 3.899E-09
 8.772E-09 8.744E-09 8.691E-09 8.638E-09 8.587E-09 8.536E-09 8.485E-09 8.435E-09
 8.386E-09 8.338E-09 8.289E-09 6.183E-09 5.297E-09 5.287E-09 4.766E-09 4.554E-09
 4.575E-09 4.600E-09 4.580E-09 3.848E-09 3.513E-09 3.515E-09 3.524E-09 3.531E-09
 3.539E-09
 8.088E-09 8.062E-09 8.013E-09 7.964E-09 7.916E-09 7.869E-09 7.823E-09 7.777E-09
 7.731E-09 7.687E-09 7.642E-09 5.755E-09 4.981E-09 4.969E-09 4.458E-09 4.259E-09
 4.278E-09 4.298E-09 4.276E-09 3.576E-09 3.272E-09 3.274E-09 3.281E-09 3.287E-09
 3.294E-09
 7.536E-09 7.512E-09 7.467E-09 7.422E-09 7.378E-09 7.334E-09 7.291E-09 7.249E-09
 7.207E-09 7.166E-09 7.124E-09 5.420E-09 4.734E-09 4.721E-09 4.223E-09 4.038E-09
 4.054E-09 4.071E-09 4.047E-09 3.378E-09 3.099E-09 3.101E-09 3.107E-09 3.113E-09
 3.119E-09
 7.081E-09 7.059E-09 7.017E-09 6.976E-09 6.935E-09 6.894E-09 6.854E-09 6.815E-09
 6.776E-09 6.738E-09 6.700E-09 5.150E-09 4.534E-09 4.520E-09 4.038E-09 3.866E-09
 3.879E-09 3.894E-09 3.869E-09 3.228E-09 2.970E-09 2.971E-09 2.977E-09 2.982E-09
 2.988E-09
 6.700E-09 6.680E-09 6.640E-09 6.602E-09 6.564E-09 6.526E-09 6.489E-09 6.452E-09
 6.416E-09 6.381E-09 6.345E-09 4.926E-09 4.369E-09 4.354E-09 3.889E-09 3.728E-09
 3.738E-09 3.751E-09 3.726E-09 3.111E-09 2.870E-09 2.871E-09 2.877E-09 2.881E-09
 2.887E-09
 6.375E-09 6.356E-09 6.320E-09 6.284E-09 6.248E-09 6.213E-09 6.178E-09 6.144E-09
 6.111E-09 6.078E-09 6.044E-09 4.738E-09 4.229E-09 4.213E-09 3.765E-09 3.614E-09
 3.623E-09 3.635E-09 3.608E-09 3.017E-09 2.791E-09 2.792E-09 2.797E-09 2.801E-09
 2.807E-09
 4.665E-09 4.654E-09 4.632E-09 4.611E-09 4.591E-09 4.570E-09 4.550E-09 4.530E-09
 4.510E-09 4.491E-09 4.472E-09 3.762E-09 3.495E-09 3.478E-09 3.165E-09 3.074E-09
 3.076E-09 3.079E-09 3.052E-09 2.601E-09 2.451E-09 2.451E-09 2.454E-09 2.456E-09
 2.459E-09
 4.003E-09 3.995E-09 3.981E-09 3.966E-09 3.951E-09 3.937E-09 3.923E-09 3.909E-09
 3.895E-09 3.882E-09 3.868E-09 3.388E-09 3.208E-09 3.193E-09 2.955E-09 2.889E-09
 2.889E-09 2.889E-09 2.863E-09 2.473E-09 2.349E-09 2.349E-09 2.351E-09 2.353E-09
 2.355E-09
 3.665E-09 3.659E-09 3.648E-09 3.636E-09 3.625E-09 3.614E-09 3.603E-09 3.593E-09
 3.582E-09 3.572E-09 3.561E-09 3.197E-09 3.061E-09 3.048E-09 2.853E-09 2.801E-09
 2.799E-09 2.799E-09 2.773E-09 2.414E-09 2.303E-09 2.302E-09 2.304E-09 2.306E-09
 2.308E-09
 3.465E-09 3.461E-09 3.452E-09 3.442E-09 3.433E-09 3.424E-09 3.415E-09 3.407E-09
 3.398E-09 3.389E-09 3.381E-09 3.086E-09 2.976E-09 2.964E-09 2.797E-09 2.753E-09
 2.751E-09 2.749E-09 2.723E-09 2.382E-09 2.278E-09 2.278E-09 2.279E-09 2.281E-09
 2.283E-09
 3.337E-09 3.333E-09 3.326E-09 3.318E-09 3.310E-09 3.302E-09 3.295E-09 3.287E-09
 3.280E-09 3.273E-09 3.266E-09 3.017E-09 2.922E-09 2.911E-09 2.764E-09 2.725E-09
 2.722E-09 2.720E-09 2.695E-09 2.363E-09 2.264E-09 2.264E-09 2.265E-09 2.266E-09
 2.268E-09
 3.251E-09 3.247E-09 3.240E-09 3.233E-09 3.227E-09 3.220E-09 3.213E-09 3.207E-09
 3.200E-09 3.194E-09 3.188E-09 2.971E-09 2.888E-09 2.878E-09 2.744E-09 2.709E-09
 2.706E-09 2.704E-09 2.678E-09 2.352E-09 2.255E-09 2.255E-09 2.256E-09 2.258E-09
 2.260E-09
--------------------------------------------------------------------------------
   20 /EREF=3.000E+03 /NREF=3.000E+12
--------------------------------------------------------------------------------
 1.000E+01 2.000E+01 3.000E+01 4.000E+01 5.000E+01 6.000E+01 7.000E+01 8.000E+01
 8.966E+01 1.000E+02 2.000E+02 3.000E+02 4.000E+02 5.000E+02 6.000E+02 7.000E+02
 8.000E+02 8.966E+02 1.000E+03 2.000E+03
--------------------------------------------------------------------------------
 6.334E-08 3.191E-08 2.123E-08 1.587E-08 1.267E-08 1.054E-08 9.029E-09 7.903E-09
 7.032E-09 6.339E-09 3.281E-09 2.284E-09 1.780E-09 1.468E-09 1.254E-09 1.092E-09
 9.662E-10 8.652E-10 7.821E-10 3.786E-10
--------------------------------------------------------------------------------
C
C
C     ADAS FILE TYPE : 	ADF21
C     SOURCE FILE    :  /home/anderson/adas/adf26/bnl99#he/bnl99#he_be4.dat         
C
C     USER ID	     :  anderson        
C
--------------------------------------------------------------------------------
 
C---------------------------------------------------------------------------------
C ADAS ADF21/bms99#he_slow DATA - SCCS info: @(#)$Header: /u/xshare/Attic/repos/codesys/source/adas/data/adf21/bms99#he_slow/gcrc32/gcrc32#he_be4.dat,v 1.1 2009-07-30 05:38:28 Marina Gorelenkova Exp $ Date $Date: 2009-07-30 05:38:28 $
C---------------------------------------------------------------------------------
