    5 /GCRC8=6.045E-09 /SPEC=B  /DATE=06/01/99 /CODE=ADAS313
--------------------------------------------------------------------------------
   25   25 /TREF=1.000E+02
--------------------------------------------------------------------------------
 5.000E+01 1.000E+02 2.000E+02 3.000E+02 4.000E+02 5.000E+02 6.000E+02 7.000E+02
 8.000E+02 9.000E+02 1.000E+03 2.000E+03 3.000E+03 4.000E+03 5.000E+03 6.000E+03
 7.000E+03 8.000E+03 9.000E+03 1.000E+04 1.100E+04 1.200E+04 1.300E+04 1.400E+04
 1.500E+04
 1.000E+11 2.000E+11 3.000E+11 4.000E+11 5.000E+11 6.000E+11 7.000E+11 8.000E+11
 9.000E+11 1.000E+12 2.000E+12 3.000E+12 4.000E+12 5.000E+12 6.000E+12 7.000E+12
 8.000E+12 9.000E+12 1.000E+13 2.000E+13 3.000E+13 4.000E+13 5.000E+13 6.000E+13
 7.000E+13
--------------------------------------------------------------------------------
 1.873E-08 1.873E-08 1.872E-08 1.871E-08 1.871E-08 1.870E-08 1.869E-08 1.869E-08
 1.868E-08 1.867E-08 1.867E-08 1.754E-08 1.649E-08 1.655E-08 1.651E-08 1.650E-08
 1.658E-08 1.664E-08 1.669E-08 1.651E-08 1.637E-08 1.640E-08 1.642E-08 1.645E-08
 1.646E-08
 1.824E-08 1.823E-08 1.821E-08 1.820E-08 1.818E-08 1.817E-08 1.816E-08 1.814E-08
 1.813E-08 1.811E-08 1.810E-08 1.621E-08 1.464E-08 1.471E-08 1.460E-08 1.455E-08
 1.465E-08 1.473E-08 1.478E-08 1.446E-08 1.422E-08 1.425E-08 1.428E-08 1.430E-08
 1.432E-08
 1.775E-08 1.773E-08 1.771E-08 1.769E-08 1.767E-08 1.765E-08 1.763E-08 1.761E-08
 1.759E-08 1.757E-08 1.754E-08 1.514E-08 1.330E-08 1.337E-08 1.319E-08 1.311E-08
 1.321E-08 1.330E-08 1.335E-08 1.292E-08 1.261E-08 1.264E-08 1.267E-08 1.269E-08
 1.271E-08
 1.728E-08 1.726E-08 1.723E-08 1.721E-08 1.718E-08 1.715E-08 1.713E-08 1.710E-08
 1.707E-08 1.705E-08 1.702E-08 1.425E-08 1.227E-08 1.234E-08 1.211E-08 1.200E-08
 1.210E-08 1.219E-08 1.224E-08 1.173E-08 1.135E-08 1.139E-08 1.142E-08 1.144E-08
 1.146E-08
 1.683E-08 1.681E-08 1.678E-08 1.675E-08 1.672E-08 1.669E-08 1.666E-08 1.662E-08
 1.659E-08 1.656E-08 1.653E-08 1.350E-08 1.145E-08 1.152E-08 1.125E-08 1.111E-08
 1.121E-08 1.130E-08 1.135E-08 1.077E-08 1.036E-08 1.039E-08 1.042E-08 1.044E-08
 1.046E-08
 1.642E-08 1.639E-08 1.636E-08 1.632E-08 1.628E-08 1.625E-08 1.621E-08 1.618E-08
 1.614E-08 1.611E-08 1.607E-08 1.286E-08 1.079E-08 1.085E-08 1.054E-08 1.038E-08
 1.048E-08 1.057E-08 1.062E-08 9.981E-09 9.543E-09 9.572E-09 9.601E-09 9.622E-09
 9.641E-09
 1.602E-08 1.600E-08 1.596E-08 1.592E-08 1.588E-08 1.584E-08 1.580E-08 1.576E-08
 1.572E-08 1.569E-08 1.565E-08 1.230E-08 1.023E-08 1.029E-08 9.951E-09 9.779E-09
 9.872E-09 9.958E-09 1.001E-08 9.324E-09 8.866E-09 8.893E-09 8.922E-09 8.942E-09
 8.962E-09
 1.565E-08 1.562E-08 1.558E-08 1.554E-08 1.550E-08 1.546E-08 1.541E-08 1.537E-08
 1.533E-08 1.529E-08 1.525E-08 1.181E-08 9.760E-09 9.817E-09 9.450E-09 9.266E-09
 9.356E-09 9.440E-09 9.486E-09 8.767E-09 8.294E-09 8.321E-09 8.348E-09 8.369E-09
 8.388E-09
 1.530E-08 1.527E-08 1.523E-08 1.518E-08 1.514E-08 1.509E-08 1.505E-08 1.501E-08
 1.496E-08 1.492E-08 1.487E-08 1.138E-08 9.356E-09 9.409E-09 9.020E-09 8.826E-09
 8.913E-09 8.994E-09 9.037E-09 8.288E-09 7.805E-09 7.831E-09 7.857E-09 7.878E-09
 7.897E-09
 1.497E-08 1.494E-08 1.489E-08 1.484E-08 1.480E-08 1.475E-08 1.471E-08 1.466E-08
 1.462E-08 1.457E-08 1.452E-08 1.099E-08 9.004E-09 9.055E-09 8.645E-09 8.443E-09
 8.526E-09 8.606E-09 8.645E-09 7.872E-09 7.383E-09 7.407E-09 7.433E-09 7.453E-09
 7.472E-09
 1.244E-08 1.241E-08 1.235E-08 1.230E-08 1.224E-08 1.219E-08 1.214E-08 1.208E-08
 1.203E-08 1.198E-08 1.193E-08 8.550E-09 6.979E-09 7.009E-09 6.490E-09 6.256E-09
 6.316E-09 6.375E-09 6.395E-09 5.520E-09 5.052E-09 5.069E-09 5.089E-09 5.105E-09
 5.121E-09
 1.080E-08 1.077E-08 1.071E-08 1.066E-08 1.061E-08 1.055E-08 1.050E-08 1.045E-08
 1.040E-08 1.035E-08 1.030E-08 7.308E-09 6.045E-09 6.064E-09 5.507E-09 5.278E-09
 5.323E-09 5.369E-09 5.377E-09 4.506E-09 4.093E-09 4.106E-09 4.122E-09 4.135E-09
 4.149E-09
 9.632E-09 9.605E-09 9.555E-09 9.506E-09 9.456E-09 9.408E-09 9.359E-09 9.311E-09
 9.263E-09 9.216E-09 9.168E-09 6.533E-09 5.485E-09 5.496E-09 4.929E-09 4.713E-09
 4.748E-09 4.785E-09 4.786E-09 3.947E-09 3.583E-09 3.593E-09 3.606E-09 3.617E-09
 3.629E-09
 8.759E-09 8.734E-09 8.688E-09 8.642E-09 8.597E-09 8.551E-09 8.506E-09 8.462E-09
 8.418E-09 8.374E-09 8.330E-09 5.993E-09 5.099E-09 5.106E-09 4.543E-09 4.343E-09
 4.371E-09 4.401E-09 4.396E-09 3.595E-09 3.272E-09 3.280E-09 3.291E-09 3.300E-09
 3.310E-09
 8.076E-09 8.053E-09 8.010E-09 7.968E-09 7.926E-09 7.884E-09 7.843E-09 7.802E-09
 7.761E-09 7.721E-09 7.681E-09 5.590E-09 4.813E-09 4.815E-09 4.265E-09 4.079E-09
 4.102E-09 4.128E-09 4.119E-09 3.355E-09 3.064E-09 3.071E-09 3.080E-09 3.088E-09
 3.097E-09
 7.526E-09 7.504E-09 7.465E-09 7.426E-09 7.387E-09 7.349E-09 7.310E-09 7.273E-09
 7.235E-09 7.198E-09 7.161E-09 5.274E-09 4.588E-09 4.588E-09 4.053E-09 3.881E-09
 3.901E-09 3.922E-09 3.911E-09 3.182E-09 2.917E-09 2.922E-09 2.930E-09 2.937E-09
 2.945E-09
 7.072E-09 7.053E-09 7.016E-09 6.980E-09 6.944E-09 6.908E-09 6.873E-09 6.838E-09
 6.803E-09 6.768E-09 6.734E-09 5.020E-09 4.406E-09 4.403E-09 3.887E-09 3.727E-09
 3.744E-09 3.762E-09 3.749E-09 3.052E-09 2.807E-09 2.812E-09 2.819E-09 2.825E-09
 2.832E-09
 6.692E-09 6.673E-09 6.640E-09 6.606E-09 6.573E-09 6.539E-09 6.506E-09 6.474E-09
 6.441E-09 6.409E-09 6.377E-09 4.809E-09 4.255E-09 4.250E-09 3.752E-09 3.604E-09
 3.618E-09 3.634E-09 3.619E-09 2.950E-09 2.723E-09 2.727E-09 2.734E-09 2.739E-09
 2.746E-09
 6.368E-09 6.351E-09 6.319E-09 6.288E-09 6.257E-09 6.226E-09 6.195E-09 6.164E-09
 6.134E-09 6.104E-09 6.074E-09 4.632E-09 4.127E-09 4.121E-09 3.642E-09 3.503E-09
 3.515E-09 3.529E-09 3.513E-09 2.869E-09 2.657E-09 2.660E-09 2.666E-09 2.671E-09
 2.677E-09
 4.661E-09 4.651E-09 4.633E-09 4.614E-09 4.596E-09 4.578E-09 4.560E-09 4.542E-09
 4.525E-09 4.507E-09 4.490E-09 3.709E-09 3.447E-09 3.437E-09 3.103E-09 3.021E-09
 3.025E-09 3.029E-09 3.009E-09 2.515E-09 2.374E-09 2.375E-09 2.379E-09 2.381E-09
 2.385E-09
 4.000E-09 3.994E-09 3.981E-09 3.968E-09 3.956E-09 3.943E-09 3.930E-09 3.918E-09
 3.906E-09 3.893E-09 3.881E-09 3.354E-09 3.178E-09 3.168E-09 2.914E-09 2.855E-09
 2.856E-09 2.858E-09 2.837E-09 2.406E-09 2.290E-09 2.291E-09 2.293E-09 2.295E-09
 2.298E-09
 3.663E-09 3.658E-09 3.648E-09 3.638E-09 3.629E-09 3.619E-09 3.609E-09 3.600E-09
 3.590E-09 3.581E-09 3.571E-09 3.173E-09 3.039E-09 3.030E-09 2.823E-09 2.776E-09
 2.776E-09 2.776E-09 2.755E-09 2.356E-09 2.252E-09 2.253E-09 2.255E-09 2.257E-09
 2.259E-09
 3.464E-09 3.460E-09 3.452E-09 3.444E-09 3.436E-09 3.428E-09 3.420E-09 3.412E-09
 3.405E-09 3.397E-09 3.389E-09 3.067E-09 2.959E-09 2.950E-09 2.773E-09 2.734E-09
 2.732E-09 2.732E-09 2.711E-09 2.330E-09 2.233E-09 2.233E-09 2.235E-09 2.236E-09
 2.238E-09
 3.336E-09 3.333E-09 3.326E-09 3.319E-09 3.312E-09 3.306E-09 3.299E-09 3.292E-09
 3.286E-09 3.279E-09 3.273E-09 3.001E-09 2.909E-09 2.900E-09 2.744E-09 2.709E-09
 2.707E-09 2.706E-09 2.685E-09 2.315E-09 2.221E-09 2.222E-09 2.223E-09 2.225E-09
 2.226E-09
 3.249E-09 3.246E-09 3.241E-09 3.235E-09 3.229E-09 3.223E-09 3.217E-09 3.211E-09
 3.205E-09 3.200E-09 3.194E-09 2.957E-09 2.877E-09 2.869E-09 2.727E-09 2.695E-09
 2.693E-09 2.691E-09 2.670E-09 2.306E-09 2.214E-09 2.215E-09 2.216E-09 2.218E-09
 2.219E-09
--------------------------------------------------------------------------------
   20 /EREF=3.000E+03 /NREF=3.000E+12
--------------------------------------------------------------------------------
 1.000E+01 2.000E+01 3.000E+01 4.000E+01 5.000E+01 6.000E+01 7.000E+01 8.000E+01
 8.966E+01 1.000E+02 2.000E+02 3.000E+02 4.000E+02 5.000E+02 6.000E+02 7.000E+02
 8.000E+02 8.966E+02 1.000E+03 2.000E+03
--------------------------------------------------------------------------------
 6.258E-08 3.128E-08 2.070E-08 1.541E-08 1.225E-08 1.016E-08 8.676E-09 7.573E-09
 6.722E-09 6.045E-09 3.073E-09 2.112E-09 1.632E-09 1.337E-09 1.134E-09 9.860E-10
 8.702E-10 7.775E-10 7.015E-10 3.359E-10
--------------------------------------------------------------------------------
C
C
C     ADAS FILE TYPE : 	ADF21
C     SOURCE FILE    :  /home/anderson/adas/adf26/bnl99#he/bnl99#he_b5.dat          
C
C     USER ID	     :  anderson        
C
--------------------------------------------------------------------------------
 
C---------------------------------------------------------------------------------
C ADAS ADF21/bms99#he_slow DATA - SCCS info: @(#)$Header: /u/xshare/Attic/repos/codesys/source/adas/data/adf21/bms99#he_slow/gcrc32/gcrc32#he_b5.dat,v 1.1 2009-07-30 05:38:28 Marina Gorelenkova Exp $ Date $Date: 2009-07-30 05:38:28 $
C---------------------------------------------------------------------------------
