    9 /GCRC8=5.324E-09 /SPEC=F  /DATE=06/01/99 /CODE=ADAS313
--------------------------------------------------------------------------------
   25   25 /TREF=1.000E+02
--------------------------------------------------------------------------------
 5.000E+01 1.000E+02 2.000E+02 3.000E+02 4.000E+02 5.000E+02 6.000E+02 7.000E+02
 8.000E+02 9.000E+02 1.000E+03 2.000E+03 3.000E+03 4.000E+03 5.000E+03 6.000E+03
 7.000E+03 8.000E+03 9.000E+03 1.000E+04 1.100E+04 1.200E+04 1.300E+04 1.400E+04
 1.500E+04
 1.000E+11 2.000E+11 3.000E+11 4.000E+11 5.000E+11 6.000E+11 7.000E+11 8.000E+11
 9.000E+11 1.000E+12 2.000E+12 3.000E+12 4.000E+12 5.000E+12 6.000E+12 7.000E+12
 8.000E+12 9.000E+12 1.000E+13 2.000E+13 3.000E+13 4.000E+13 5.000E+13 6.000E+13
 7.000E+13
--------------------------------------------------------------------------------
 1.870E-08 1.870E-08 1.869E-08 1.868E-08 1.868E-08 1.867E-08 1.867E-08 1.866E-08
 1.866E-08 1.865E-08 1.865E-08 1.688E-08 1.523E-08 1.536E-08 1.529E-08 1.529E-08
 1.542E-08 1.554E-08 1.564E-08 1.534E-08 1.513E-08 1.520E-08 1.525E-08 1.530E-08
 1.535E-08
 1.820E-08 1.819E-08 1.817E-08 1.816E-08 1.815E-08 1.814E-08 1.813E-08 1.812E-08
 1.811E-08 1.810E-08 1.809E-08 1.524E-08 1.300E-08 1.315E-08 1.298E-08 1.294E-08
 1.310E-08 1.325E-08 1.337E-08 1.286E-08 1.252E-08 1.260E-08 1.267E-08 1.272E-08
 1.278E-08
 1.770E-08 1.768E-08 1.766E-08 1.765E-08 1.763E-08 1.762E-08 1.760E-08 1.759E-08
 1.757E-08 1.756E-08 1.754E-08 1.402E-08 1.155E-08 1.170E-08 1.144E-08 1.136E-08
 1.152E-08 1.168E-08 1.181E-08 1.115E-08 1.073E-08 1.081E-08 1.088E-08 1.094E-08
 1.099E-08
 1.722E-08 1.721E-08 1.718E-08 1.716E-08 1.715E-08 1.713E-08 1.711E-08 1.709E-08
 1.707E-08 1.705E-08 1.703E-08 1.305E-08 1.052E-08 1.066E-08 1.034E-08 1.022E-08
 1.038E-08 1.053E-08 1.066E-08 9.896E-09 9.420E-09 9.499E-09 9.567E-09 9.625E-09
 9.680E-09
 1.677E-08 1.676E-08 1.673E-08 1.671E-08 1.669E-08 1.667E-08 1.664E-08 1.662E-08
 1.660E-08 1.657E-08 1.655E-08 1.226E-08 9.738E-09 9.877E-09 9.498E-09 9.357E-09
 9.512E-09 9.660E-09 9.782E-09 8.936E-09 8.429E-09 8.504E-09 8.569E-09 8.625E-09
 8.677E-09
 1.635E-08 1.634E-08 1.631E-08 1.628E-08 1.626E-08 1.623E-08 1.621E-08 1.618E-08
 1.616E-08 1.613E-08 1.610E-08 1.160E-08 9.129E-09 9.260E-09 8.838E-09 8.678E-09
 8.825E-09 8.967E-09 9.084E-09 8.177E-09 7.653E-09 7.723E-09 7.785E-09 7.838E-09
 7.888E-09
 1.596E-08 1.594E-08 1.591E-08 1.588E-08 1.585E-08 1.583E-08 1.580E-08 1.577E-08
 1.574E-08 1.572E-08 1.569E-08 1.105E-08 8.638E-09 8.762E-09 8.304E-09 8.130E-09
 8.270E-09 8.405E-09 8.517E-09 7.562E-09 7.030E-09 7.096E-09 7.154E-09 7.204E-09
 7.251E-09
 1.559E-08 1.557E-08 1.553E-08 1.550E-08 1.548E-08 1.545E-08 1.542E-08 1.539E-08
 1.536E-08 1.533E-08 1.530E-08 1.057E-08 8.234E-09 8.351E-09 7.863E-09 7.678E-09
 7.810E-09 7.939E-09 8.045E-09 7.054E-09 6.520E-09 6.582E-09 6.636E-09 6.683E-09
 6.728E-09
 1.524E-08 1.521E-08 1.518E-08 1.515E-08 1.512E-08 1.509E-08 1.506E-08 1.503E-08
 1.499E-08 1.496E-08 1.493E-08 1.015E-08 7.893E-09 8.004E-09 7.491E-09 7.297E-09
 7.422E-09 7.546E-09 7.647E-09 6.627E-09 6.095E-09 6.154E-09 6.205E-09 6.249E-09
 6.292E-09
 1.490E-08 1.488E-08 1.485E-08 1.482E-08 1.478E-08 1.475E-08 1.472E-08 1.469E-08
 1.465E-08 1.462E-08 1.459E-08 9.781E-09 7.603E-09 7.707E-09 7.173E-09 6.973E-09
 7.092E-09 7.209E-09 7.305E-09 6.264E-09 5.737E-09 5.792E-09 5.840E-09 5.882E-09
 5.923E-09
 1.238E-08 1.236E-08 1.232E-08 1.228E-08 1.225E-08 1.221E-08 1.217E-08 1.213E-08
 1.210E-08 1.206E-08 1.202E-08 7.584E-09 6.018E-09 6.084E-09 5.441E-09 5.231E-09
 5.306E-09 5.383E-09 5.446E-09 4.354E-09 3.921E-09 3.953E-09 3.981E-09 4.007E-09
 4.032E-09
 1.075E-08 1.073E-08 1.069E-08 1.065E-08 1.062E-08 1.058E-08 1.054E-08 1.051E-08
 1.047E-08 1.043E-08 1.040E-08 6.530E-09 5.324E-09 5.370E-09 4.700E-09 4.507E-09
 4.560E-09 4.616E-09 4.660E-09 3.611E-09 3.259E-09 3.280E-09 3.300E-09 3.317E-09
 3.335E-09
 9.590E-09 9.570E-09 9.536E-09 9.503E-09 9.469E-09 9.435E-09 9.401E-09 9.366E-09
 9.332E-09 9.297E-09 9.263E-09 5.888E-09 4.911E-09 4.945E-09 4.276E-09 4.103E-09
 4.142E-09 4.185E-09 4.218E-09 3.225E-09 2.930E-09 2.945E-09 2.960E-09 2.973E-09
 2.986E-09
 8.722E-09 8.704E-09 8.672E-09 8.642E-09 8.611E-09 8.579E-09 8.548E-09 8.516E-09
 8.484E-09 8.452E-09 8.420E-09 5.445E-09 4.625E-09 4.651E-09 3.997E-09 3.841E-09
 3.872E-09 3.907E-09 3.932E-09 2.991E-09 2.737E-09 2.749E-09 2.760E-09 2.770E-09
 2.781E-09
 8.043E-09 8.027E-09 7.998E-09 7.969E-09 7.941E-09 7.912E-09 7.883E-09 7.853E-09
 7.824E-09 7.794E-09 7.765E-09 5.116E-09 4.411E-09 4.431E-09 3.797E-09 3.656E-09
 3.682E-09 3.710E-09 3.729E-09 2.836E-09 2.611E-09 2.621E-09 2.631E-09 2.639E-09
 2.648E-09
 7.496E-09 7.481E-09 7.455E-09 7.428E-09 7.402E-09 7.375E-09 7.348E-09 7.321E-09
 7.294E-09 7.267E-09 7.240E-09 4.858E-09 4.241E-09 4.256E-09 3.645E-09 3.518E-09
 3.539E-09 3.562E-09 3.578E-09 2.726E-09 2.524E-09 2.532E-09 2.540E-09 2.547E-09
 2.555E-09
 7.045E-09 7.032E-09 7.007E-09 6.983E-09 6.958E-09 6.933E-09 6.908E-09 6.883E-09
 6.858E-09 6.833E-09 6.808E-09 4.650E-09 4.101E-09 4.113E-09 3.526E-09 3.410E-09
 3.428E-09 3.448E-09 3.460E-09 2.645E-09 2.460E-09 2.467E-09 2.474E-09 2.480E-09
 2.487E-09
 6.667E-09 6.655E-09 6.632E-09 6.609E-09 6.586E-09 6.563E-09 6.540E-09 6.517E-09
 6.493E-09 6.470E-09 6.447E-09 4.477E-09 3.984E-09 3.994E-09 3.430E-09 3.323E-09
 3.338E-09 3.356E-09 3.366E-09 2.582E-09 2.412E-09 2.418E-09 2.424E-09 2.429E-09
 2.435E-09
 6.346E-09 6.334E-09 6.312E-09 6.291E-09 6.270E-09 6.249E-09 6.227E-09 6.205E-09
 6.183E-09 6.161E-09 6.140E-09 4.331E-09 3.884E-09 3.891E-09 3.351E-09 3.252E-09
 3.265E-09 3.280E-09 3.288E-09 2.532E-09 2.374E-09 2.379E-09 2.384E-09 2.389E-09
 2.394E-09
 4.649E-09 4.642E-09 4.630E-09 4.618E-09 4.606E-09 4.593E-09 4.580E-09 4.568E-09
 4.555E-09 4.542E-09 4.529E-09 3.561E-09 3.334E-09 3.332E-09 2.961E-09 2.906E-09
 2.910E-09 2.915E-09 2.915E-09 2.318E-09 2.214E-09 2.217E-09 2.219E-09 2.222E-09
 2.224E-09
 3.993E-09 3.988E-09 3.979E-09 3.971E-09 3.962E-09 3.954E-09 3.945E-09 3.936E-09
 3.927E-09 3.918E-09 3.909E-09 3.258E-09 3.107E-09 3.104E-09 2.822E-09 2.783E-09
 2.784E-09 2.787E-09 2.784E-09 2.253E-09 2.167E-09 2.169E-09 2.171E-09 2.173E-09
 2.175E-09
 3.657E-09 3.654E-09 3.647E-09 3.641E-09 3.634E-09 3.627E-09 3.621E-09 3.614E-09
 3.607E-09 3.600E-09 3.593E-09 3.102E-09 2.988E-09 2.985E-09 2.756E-09 2.724E-09
 2.725E-09 2.725E-09 2.721E-09 2.225E-09 2.147E-09 2.149E-09 2.150E-09 2.152E-09
 2.153E-09
 3.459E-09 3.456E-09 3.451E-09 3.446E-09 3.441E-09 3.435E-09 3.430E-09 3.424E-09
 3.418E-09 3.413E-09 3.407E-09 3.011E-09 2.919E-09 2.915E-09 2.719E-09 2.693E-09
 2.693E-09 2.693E-09 2.688E-09 2.210E-09 2.137E-09 2.138E-09 2.139E-09 2.140E-09
 2.142E-09
 3.332E-09 3.330E-09 3.325E-09 3.321E-09 3.316E-09 3.312E-09 3.307E-09 3.302E-09
 3.298E-09 3.293E-09 3.288E-09 2.954E-09 2.876E-09 2.872E-09 2.699E-09 2.676E-09
 2.675E-09 2.675E-09 2.669E-09 2.201E-09 2.131E-09 2.132E-09 2.133E-09 2.134E-09
 2.136E-09
 3.246E-09 3.244E-09 3.240E-09 3.236E-09 3.232E-09 3.228E-09 3.224E-09 3.220E-09
 3.216E-09 3.212E-09 3.208E-09 2.917E-09 2.849E-09 2.845E-09 2.689E-09 2.667E-09
 2.666E-09 2.665E-09 2.660E-09 2.196E-09 2.127E-09 2.129E-09 2.130E-09 2.131E-09
 2.132E-09
--------------------------------------------------------------------------------
   20 /EREF=3.000E+03 /NREF=3.000E+12
--------------------------------------------------------------------------------
 1.000E+01 2.000E+01 3.000E+01 4.000E+01 5.000E+01 6.000E+01 7.000E+01 8.000E+01
 8.966E+01 1.000E+02 2.000E+02 3.000E+02 4.000E+02 5.000E+02 6.000E+02 7.000E+02
 8.000E+02 8.966E+02 1.000E+03 2.000E+03
--------------------------------------------------------------------------------
 6.064E-08 2.969E-08 1.936E-08 1.424E-08 1.121E-08 9.210E-09 7.803E-09 6.761E-09
 5.959E-09 5.324E-09 2.571E-09 1.705E-09 1.281E-09 1.028E-09 8.580E-10 7.352E-10
 6.419E-10 5.684E-10 5.094E-10 2.369E-10
--------------------------------------------------------------------------------
C
C
C     ADAS FILE TYPE : 	ADF21
C     SOURCE FILE    :  /home/anderson/adas/adf26/bnl99#he/bnl99#he_f9.dat          
C
C     USER ID	     :  anderson        
C
--------------------------------------------------------------------------------
 
C---------------------------------------------------------------------------------
C ADAS ADF21/bms99#he_slow DATA - SCCS info: @(#)$Header: /u/xshare/Attic/repos/codesys/source/adas/data/adf21/bms99#he_slow/gcrc32/gcrc32#he_f9.dat,v 1.1 2009-07-30 05:38:28 Marina Gorelenkova Exp $ Date $Date: 2009-07-30 05:38:28 $
C---------------------------------------------------------------------------------
