    8 /GCRC8=5.459E-09 /SPEC=O  /DATE=06/01/99 /CODE=ADAS313
--------------------------------------------------------------------------------
   25   25 /TREF=1.000E+02
--------------------------------------------------------------------------------
 5.000E+01 1.000E+02 2.000E+02 3.000E+02 4.000E+02 5.000E+02 6.000E+02 7.000E+02
 8.000E+02 9.000E+02 1.000E+03 2.000E+03 3.000E+03 4.000E+03 5.000E+03 6.000E+03
 7.000E+03 8.000E+03 9.000E+03 1.000E+04 1.100E+04 1.200E+04 1.300E+04 1.400E+04
 1.500E+04
 1.000E+11 2.000E+11 3.000E+11 4.000E+11 5.000E+11 6.000E+11 7.000E+11 8.000E+11
 9.000E+11 1.000E+12 2.000E+12 3.000E+12 4.000E+12 5.000E+12 6.000E+12 7.000E+12
 8.000E+12 9.000E+12 1.000E+13 2.000E+13 3.000E+13 4.000E+13 5.000E+13 6.000E+13
 7.000E+13
--------------------------------------------------------------------------------
 1.871E-08 1.870E-08 1.869E-08 1.869E-08 1.868E-08 1.868E-08 1.867E-08 1.867E-08
 1.866E-08 1.866E-08 1.865E-08 1.703E-08 1.552E-08 1.563E-08 1.557E-08 1.557E-08
 1.569E-08 1.580E-08 1.589E-08 1.562E-08 1.542E-08 1.548E-08 1.553E-08 1.557E-08
 1.561E-08
 1.820E-08 1.819E-08 1.818E-08 1.817E-08 1.816E-08 1.815E-08 1.813E-08 1.812E-08
 1.811E-08 1.810E-08 1.809E-08 1.546E-08 1.336E-08 1.350E-08 1.334E-08 1.330E-08
 1.345E-08 1.358E-08 1.369E-08 1.323E-08 1.291E-08 1.298E-08 1.304E-08 1.309E-08
 1.314E-08
 1.771E-08 1.769E-08 1.767E-08 1.766E-08 1.764E-08 1.762E-08 1.761E-08 1.759E-08
 1.758E-08 1.756E-08 1.754E-08 1.427E-08 1.192E-08 1.206E-08 1.183E-08 1.174E-08
 1.190E-08 1.204E-08 1.215E-08 1.155E-08 1.114E-08 1.122E-08 1.128E-08 1.133E-08
 1.138E-08
 1.723E-08 1.722E-08 1.719E-08 1.717E-08 1.715E-08 1.713E-08 1.711E-08 1.709E-08
 1.707E-08 1.705E-08 1.703E-08 1.331E-08 1.088E-08 1.102E-08 1.072E-08 1.060E-08
 1.075E-08 1.090E-08 1.101E-08 1.030E-08 9.842E-09 9.913E-09 9.974E-09 1.003E-08
 1.007E-08
 1.679E-08 1.677E-08 1.674E-08 1.672E-08 1.669E-08 1.667E-08 1.665E-08 1.662E-08
 1.660E-08 1.657E-08 1.655E-08 1.253E-08 1.009E-08 1.022E-08 9.867E-09 9.727E-09
 9.874E-09 1.001E-08 1.012E-08 9.336E-09 8.842E-09 8.910E-09 8.969E-09 9.019E-09
 9.066E-09
 1.637E-08 1.635E-08 1.632E-08 1.629E-08 1.626E-08 1.624E-08 1.621E-08 1.618E-08
 1.615E-08 1.613E-08 1.610E-08 1.188E-08 9.467E-09 9.587E-09 9.193E-09 9.034E-09
 9.175E-09 9.309E-09 9.415E-09 8.566E-09 8.052E-09 8.116E-09 8.173E-09 8.220E-09
 8.265E-09
 1.597E-08 1.595E-08 1.592E-08 1.589E-08 1.586E-08 1.583E-08 1.580E-08 1.577E-08
 1.574E-08 1.571E-08 1.568E-08 1.132E-08 8.960E-09 9.073E-09 8.645E-09 8.470E-09
 8.604E-09 8.733E-09 8.835E-09 7.938E-09 7.412E-09 7.473E-09 7.526E-09 7.572E-09
 7.615E-09
 1.560E-08 1.558E-08 1.554E-08 1.551E-08 1.548E-08 1.545E-08 1.542E-08 1.538E-08
 1.535E-08 1.532E-08 1.529E-08 1.084E-08 8.539E-09 8.646E-09 8.188E-09 8.002E-09
 8.130E-09 8.253E-09 8.350E-09 7.415E-09 6.884E-09 6.942E-09 6.993E-09 7.036E-09
 7.077E-09
 1.525E-08 1.523E-08 1.519E-08 1.516E-08 1.512E-08 1.509E-08 1.506E-08 1.502E-08
 1.499E-08 1.495E-08 1.492E-08 1.041E-08 8.184E-09 8.285E-09 7.802E-09 7.607E-09
 7.728E-09 7.846E-09 7.939E-09 6.974E-09 6.443E-09 6.497E-09 6.545E-09 6.586E-09
 6.625E-09
 1.492E-08 1.489E-08 1.486E-08 1.482E-08 1.479E-08 1.475E-08 1.472E-08 1.468E-08
 1.465E-08 1.461E-08 1.458E-08 1.004E-08 7.879E-09 7.975E-09 7.470E-09 7.269E-09
 7.384E-09 7.497E-09 7.585E-09 6.597E-09 6.068E-09 6.119E-09 6.165E-09 6.204E-09
 6.242E-09
 1.239E-08 1.237E-08 1.233E-08 1.229E-08 1.225E-08 1.221E-08 1.217E-08 1.212E-08
 1.208E-08 1.204E-08 1.200E-08 7.784E-09 6.201E-09 6.262E-09 5.645E-09 5.428E-09
 5.502E-09 5.579E-09 5.636E-09 4.582E-09 4.132E-09 4.164E-09 4.192E-09 4.217E-09
 4.242E-09
 1.076E-08 1.073E-08 1.069E-08 1.065E-08 1.062E-08 1.058E-08 1.054E-08 1.050E-08
 1.046E-08 1.042E-08 1.038E-08 6.689E-09 5.459E-09 5.502E-09 4.854E-09 4.651E-09
 4.705E-09 4.761E-09 4.800E-09 3.781E-09 3.409E-09 3.431E-09 3.450E-09 3.468E-09
 3.486E-09
 9.598E-09 9.577E-09 9.540E-09 9.504E-09 9.467E-09 9.431E-09 9.394E-09 9.357E-09
 9.320E-09 9.283E-09 9.246E-09 6.019E-09 5.018E-09 5.049E-09 4.399E-09 4.215E-09
 4.255E-09 4.299E-09 4.327E-09 3.359E-09 3.044E-09 3.061E-09 3.075E-09 3.089E-09
 3.102E-09
 8.729E-09 8.710E-09 8.676E-09 8.642E-09 8.609E-09 8.575E-09 8.541E-09 8.506E-09
 8.472E-09 8.438E-09 8.404E-09 5.555E-09 4.713E-09 4.736E-09 4.099E-09 3.932E-09
 3.964E-09 3.999E-09 4.020E-09 3.102E-09 2.829E-09 2.842E-09 2.854E-09 2.864E-09
 2.875E-09
 8.049E-09 8.032E-09 8.000E-09 7.970E-09 7.939E-09 7.907E-09 7.876E-09 7.844E-09
 7.813E-09 7.781E-09 7.750E-09 5.211E-09 4.485E-09 4.502E-09 3.883E-09 3.732E-09
 3.758E-09 3.787E-09 3.803E-09 2.931E-09 2.689E-09 2.699E-09 2.709E-09 2.718E-09
 2.727E-09
 7.502E-09 7.486E-09 7.457E-09 7.428E-09 7.400E-09 7.371E-09 7.342E-09 7.313E-09
 7.283E-09 7.254E-09 7.225E-09 4.941E-09 4.305E-09 4.318E-09 3.721E-09 3.583E-09
 3.604E-09 3.629E-09 3.640E-09 2.809E-09 2.591E-09 2.600E-09 2.608E-09 2.615E-09
 2.623E-09
 7.051E-09 7.036E-09 7.009E-09 6.983E-09 6.956E-09 6.929E-09 6.902E-09 6.875E-09
 6.848E-09 6.821E-09 6.795E-09 4.724E-09 4.157E-09 4.167E-09 3.593E-09 3.466E-09
 3.485E-09 3.505E-09 3.514E-09 2.718E-09 2.519E-09 2.527E-09 2.534E-09 2.540E-09
 2.547E-09
 6.672E-09 6.658E-09 6.634E-09 6.609E-09 6.584E-09 6.559E-09 6.534E-09 6.509E-09
 6.484E-09 6.459E-09 6.434E-09 4.543E-09 4.034E-09 4.041E-09 3.489E-09 3.373E-09
 3.389E-09 3.406E-09 3.413E-09 2.648E-09 2.464E-09 2.471E-09 2.477E-09 2.483E-09
 2.489E-09
 6.350E-09 6.337E-09 6.314E-09 6.291E-09 6.268E-09 6.245E-09 6.221E-09 6.198E-09
 6.175E-09 6.151E-09 6.128E-09 4.391E-09 3.928E-09 3.934E-09 3.404E-09 3.296E-09
 3.310E-09 3.325E-09 3.330E-09 2.593E-09 2.421E-09 2.427E-09 2.433E-09 2.438E-09
 2.443E-09
 4.651E-09 4.644E-09 4.631E-09 4.617E-09 4.604E-09 4.590E-09 4.577E-09 4.563E-09
 4.550E-09 4.536E-09 4.522E-09 3.590E-09 3.355E-09 3.352E-09 2.987E-09 2.926E-09
 2.930E-09 2.935E-09 2.932E-09 2.353E-09 2.241E-09 2.244E-09 2.246E-09 2.249E-09
 2.252E-09
 3.994E-09 3.989E-09 3.980E-09 3.971E-09 3.961E-09 3.952E-09 3.942E-09 3.933E-09
 3.923E-09 3.914E-09 3.904E-09 3.277E-09 3.120E-09 3.116E-09 2.839E-09 2.795E-09
 2.797E-09 2.799E-09 2.793E-09 2.281E-09 2.188E-09 2.190E-09 2.192E-09 2.194E-09
 2.196E-09
 3.658E-09 3.654E-09 3.647E-09 3.640E-09 3.633E-09 3.626E-09 3.619E-09 3.611E-09
 3.604E-09 3.597E-09 3.589E-09 3.116E-09 2.998E-09 2.993E-09 2.768E-09 2.733E-09
 2.733E-09 2.734E-09 2.727E-09 2.249E-09 2.165E-09 2.166E-09 2.168E-09 2.170E-09
 2.171E-09
 3.460E-09 3.457E-09 3.451E-09 3.446E-09 3.440E-09 3.434E-09 3.428E-09 3.422E-09
 3.416E-09 3.410E-09 3.404E-09 3.022E-09 2.926E-09 2.922E-09 2.729E-09 2.700E-09
 2.699E-09 2.699E-09 2.692E-09 2.232E-09 2.153E-09 2.154E-09 2.156E-09 2.157E-09
 2.159E-09
 3.333E-09 3.330E-09 3.326E-09 3.321E-09 3.316E-09 3.311E-09 3.306E-09 3.301E-09
 3.296E-09 3.290E-09 3.285E-09 2.963E-09 2.882E-09 2.878E-09 2.707E-09 2.682E-09
 2.681E-09 2.680E-09 2.672E-09 2.222E-09 2.146E-09 2.147E-09 2.149E-09 2.150E-09
 2.151E-09
 3.247E-09 3.245E-09 3.240E-09 3.236E-09 3.232E-09 3.227E-09 3.223E-09 3.218E-09
 3.214E-09 3.210E-09 3.205E-09 2.925E-09 2.854E-09 2.850E-09 2.695E-09 2.672E-09
 2.671E-09 2.670E-09 2.661E-09 2.217E-09 2.142E-09 2.143E-09 2.145E-09 2.146E-09
 2.147E-09
--------------------------------------------------------------------------------
   20 /EREF=3.000E+03 /NREF=3.000E+12
--------------------------------------------------------------------------------
 1.000E+01 2.000E+01 3.000E+01 4.000E+01 5.000E+01 6.000E+01 7.000E+01 8.000E+01
 8.966E+01 1.000E+02 2.000E+02 3.000E+02 4.000E+02 5.000E+02 6.000E+02 7.000E+02
 8.000E+02 8.966E+02 1.000E+03 2.000E+03
--------------------------------------------------------------------------------
 6.101E-08 2.999E-08 1.961E-08 1.446E-08 1.140E-08 9.389E-09 7.967E-09 6.913E-09
 6.102E-09 5.459E-09 2.664E-09 1.780E-09 1.346E-09 1.085E-09 9.091E-10 7.809E-10
 6.832E-10 6.075E-10 5.462E-10 2.550E-10
--------------------------------------------------------------------------------
C
C
C     ADAS FILE TYPE : 	ADF21
C     SOURCE FILE    :  /home/anderson/adas/adf26/bnl99#he/bnl99#he_o8.dat          
C
C     USER ID	     :  anderson        
C
--------------------------------------------------------------------------------
 
C---------------------------------------------------------------------------------
C ADAS ADF21/bms99#he_slow DATA - SCCS info: @(#)$Header: /u/xshare/Attic/repos/codesys/source/adas/data/adf21/bms99#he_slow/gcrc32/gcrc32#he_o8.dat,v 1.1 2009-07-30 05:38:29 Marina Gorelenkova Exp $ Date $Date: 2009-07-30 05:38:29 $
C---------------------------------------------------------------------------------
