    7 /GCRC8=5.619E-09 /SPEC=N  /DATE=06/01/99 /CODE=ADAS313
--------------------------------------------------------------------------------
   25   25 /TREF=1.000E+02
--------------------------------------------------------------------------------
 5.000E+01 1.000E+02 2.000E+02 3.000E+02 4.000E+02 5.000E+02 6.000E+02 7.000E+02
 8.000E+02 9.000E+02 1.000E+03 2.000E+03 3.000E+03 4.000E+03 5.000E+03 6.000E+03
 7.000E+03 8.000E+03 9.000E+03 1.000E+04 1.100E+04 1.200E+04 1.300E+04 1.400E+04
 1.500E+04
 1.000E+11 2.000E+11 3.000E+11 4.000E+11 5.000E+11 6.000E+11 7.000E+11 8.000E+11
 9.000E+11 1.000E+12 2.000E+12 3.000E+12 4.000E+12 5.000E+12 6.000E+12 7.000E+12
 8.000E+12 9.000E+12 1.000E+13 2.000E+13 3.000E+13 4.000E+13 5.000E+13 6.000E+13
 7.000E+13
--------------------------------------------------------------------------------
 1.872E-08 1.871E-08 1.870E-08 1.870E-08 1.869E-08 1.868E-08 1.868E-08 1.867E-08
 1.867E-08 1.866E-08 1.866E-08 1.720E-08 1.583E-08 1.592E-08 1.587E-08 1.587E-08
 1.597E-08 1.607E-08 1.614E-08 1.590E-08 1.573E-08 1.578E-08 1.582E-08 1.585E-08
 1.589E-08
 1.821E-08 1.820E-08 1.819E-08 1.818E-08 1.816E-08 1.815E-08 1.814E-08 1.813E-08
 1.812E-08 1.810E-08 1.809E-08 1.570E-08 1.376E-08 1.387E-08 1.373E-08 1.369E-08
 1.382E-08 1.394E-08 1.404E-08 1.362E-08 1.332E-08 1.338E-08 1.343E-08 1.347E-08
 1.351E-08
 1.772E-08 1.770E-08 1.768E-08 1.767E-08 1.765E-08 1.763E-08 1.761E-08 1.760E-08
 1.758E-08 1.756E-08 1.754E-08 1.454E-08 1.234E-08 1.246E-08 1.224E-08 1.216E-08
 1.230E-08 1.243E-08 1.253E-08 1.198E-08 1.160E-08 1.166E-08 1.171E-08 1.175E-08
 1.179E-08
 1.725E-08 1.723E-08 1.720E-08 1.718E-08 1.716E-08 1.714E-08 1.712E-08 1.709E-08
 1.707E-08 1.705E-08 1.703E-08 1.360E-08 1.129E-08 1.141E-08 1.113E-08 1.102E-08
 1.116E-08 1.129E-08 1.139E-08 1.074E-08 1.030E-08 1.036E-08 1.042E-08 1.046E-08
 1.050E-08
 1.680E-08 1.678E-08 1.675E-08 1.673E-08 1.670E-08 1.667E-08 1.665E-08 1.662E-08
 1.660E-08 1.657E-08 1.654E-08 1.283E-08 1.049E-08 1.060E-08 1.028E-08 1.014E-08
 1.027E-08 1.040E-08 1.050E-08 9.771E-09 9.298E-09 9.356E-09 9.408E-09 9.450E-09
 9.490E-09
 1.638E-08 1.636E-08 1.633E-08 1.630E-08 1.627E-08 1.624E-08 1.621E-08 1.618E-08
 1.615E-08 1.612E-08 1.609E-08 1.218E-08 9.849E-09 9.955E-09 9.590E-09 9.432E-09
 9.563E-09 9.686E-09 9.777E-09 8.992E-09 8.496E-09 8.551E-09 8.601E-09 8.642E-09
 8.680E-09
 1.598E-08 1.596E-08 1.593E-08 1.590E-08 1.586E-08 1.583E-08 1.580E-08 1.577E-08
 1.574E-08 1.570E-08 1.567E-08 1.162E-08 9.325E-09 9.426E-09 9.026E-09 8.853E-09
 8.979E-09 9.097E-09 9.185E-09 8.352E-09 7.841E-09 7.894E-09 7.941E-09 7.980E-09
 8.017E-09
 1.561E-08 1.559E-08 1.555E-08 1.552E-08 1.548E-08 1.545E-08 1.542E-08 1.538E-08
 1.535E-08 1.531E-08 1.528E-08 1.113E-08 8.888E-09 8.983E-09 8.555E-09 8.370E-09
 8.490E-09 8.604E-09 8.687E-09 7.816E-09 7.297E-09 7.347E-09 7.392E-09 7.430E-09
 7.466E-09
 1.526E-08 1.524E-08 1.520E-08 1.516E-08 1.513E-08 1.509E-08 1.506E-08 1.502E-08
 1.498E-08 1.495E-08 1.491E-08 1.070E-08 8.517E-09 8.607E-09 8.154E-09 7.959E-09
 8.074E-09 8.184E-09 8.263E-09 7.362E-09 6.838E-09 6.886E-09 6.929E-09 6.965E-09
 7.000E-09
 1.493E-08 1.491E-08 1.487E-08 1.483E-08 1.479E-08 1.475E-08 1.471E-08 1.468E-08
 1.464E-08 1.460E-08 1.456E-08 1.032E-08 8.197E-09 8.283E-09 7.808E-09 7.606E-09
 7.716E-09 7.821E-09 7.897E-09 6.971E-09 6.447E-09 6.492E-09 6.533E-09 6.568E-09
 6.601E-09
 1.240E-08 1.238E-08 1.233E-08 1.229E-08 1.225E-08 1.220E-08 1.216E-08 1.211E-08
 1.207E-08 1.203E-08 1.198E-08 8.009E-09 6.415E-09 6.470E-09 5.881E-09 5.658E-09
 5.731E-09 5.804E-09 5.852E-09 4.846E-09 4.384E-09 4.413E-09 4.440E-09 4.463E-09
 4.487E-09
 1.077E-08 1.074E-08 1.070E-08 1.066E-08 1.061E-08 1.057E-08 1.053E-08 1.049E-08
 1.044E-08 1.040E-08 1.036E-08 6.869E-09 5.619E-09 5.657E-09 5.034E-09 4.822E-09
 4.875E-09 4.930E-09 4.961E-09 3.980E-09 3.591E-09 3.612E-09 3.631E-09 3.648E-09
 3.665E-09
 9.608E-09 9.585E-09 9.544E-09 9.505E-09 9.465E-09 9.425E-09 9.385E-09 9.345E-09
 9.305E-09 9.265E-09 9.226E-09 6.167E-09 5.144E-09 5.171E-09 4.544E-09 4.349E-09
 4.390E-09 4.433E-09 4.453E-09 3.518E-09 3.186E-09 3.201E-09 3.216E-09 3.229E-09
 3.243E-09
 8.737E-09 8.717E-09 8.679E-09 8.643E-09 8.606E-09 8.569E-09 8.532E-09 8.495E-09
 8.458E-09 8.421E-09 8.385E-09 5.682E-09 4.817E-09 4.837E-09 4.219E-09 4.042E-09
 4.074E-09 4.109E-09 4.122E-09 3.235E-09 2.944E-09 2.956E-09 2.968E-09 2.979E-09
 2.990E-09
 8.057E-09 8.038E-09 8.003E-09 7.970E-09 7.936E-09 7.902E-09 7.868E-09 7.833E-09
 7.799E-09 7.766E-09 7.732E-09 5.320E-09 4.573E-09 4.588E-09 3.986E-09 3.824E-09
 3.851E-09 3.879E-09 3.888E-09 3.044E-09 2.785E-09 2.795E-09 2.805E-09 2.814E-09
 2.824E-09
 7.508E-09 7.491E-09 7.459E-09 7.428E-09 7.397E-09 7.365E-09 7.334E-09 7.302E-09
 7.271E-09 7.240E-09 7.208E-09 5.037E-09 4.381E-09 4.391E-09 3.810E-09 3.661E-09
 3.683E-09 3.708E-09 3.712E-09 2.908E-09 2.674E-09 2.683E-09 2.691E-09 2.699E-09
 2.707E-09
 7.057E-09 7.040E-09 7.011E-09 6.982E-09 6.953E-09 6.924E-09 6.895E-09 6.866E-09
 6.837E-09 6.808E-09 6.779E-09 4.809E-09 4.224E-09 4.232E-09 3.671E-09 3.535E-09
 3.553E-09 3.574E-09 3.576E-09 2.806E-09 2.593E-09 2.600E-09 2.607E-09 2.614E-09
 2.621E-09
 6.677E-09 6.663E-09 6.635E-09 6.609E-09 6.582E-09 6.554E-09 6.527E-09 6.500E-09
 6.473E-09 6.446E-09 6.419E-09 4.619E-09 4.093E-09 4.098E-09 3.560E-09 3.433E-09
 3.449E-09 3.467E-09 3.467E-09 2.728E-09 2.530E-09 2.536E-09 2.543E-09 2.549E-09
 2.555E-09
 6.355E-09 6.341E-09 6.316E-09 6.291E-09 6.266E-09 6.240E-09 6.215E-09 6.189E-09
 6.164E-09 6.139E-09 6.114E-09 4.460E-09 3.981E-09 3.985E-09 3.467E-09 3.350E-09
 3.364E-09 3.380E-09 3.377E-09 2.666E-09 2.481E-09 2.487E-09 2.493E-09 2.498E-09
 2.504E-09
 4.654E-09 4.646E-09 4.631E-09 4.617E-09 4.602E-09 4.587E-09 4.573E-09 4.558E-09
 4.543E-09 4.528E-09 4.514E-09 3.624E-09 3.379E-09 3.375E-09 3.017E-09 2.950E-09
 2.955E-09 2.960E-09 2.950E-09 2.396E-09 2.274E-09 2.277E-09 2.280E-09 2.283E-09
 2.286E-09
 3.996E-09 3.990E-09 3.980E-09 3.970E-09 3.960E-09 3.950E-09 3.939E-09 3.929E-09
 3.919E-09 3.909E-09 3.898E-09 3.299E-09 3.135E-09 3.130E-09 2.859E-09 2.811E-09
 2.812E-09 2.814E-09 2.803E-09 2.314E-09 2.214E-09 2.216E-09 2.218E-09 2.220E-09
 2.222E-09
 3.659E-09 3.655E-09 3.648E-09 3.640E-09 3.632E-09 3.624E-09 3.616E-09 3.608E-09
 3.600E-09 3.593E-09 3.585E-09 3.132E-09 3.009E-09 3.003E-09 2.782E-09 2.744E-09
 2.744E-09 2.745E-09 2.733E-09 2.277E-09 2.187E-09 2.189E-09 2.190E-09 2.192E-09
 2.194E-09
 3.461E-09 3.458E-09 3.452E-09 3.445E-09 3.439E-09 3.432E-09 3.426E-09 3.420E-09
 3.413E-09 3.407E-09 3.400E-09 3.035E-09 2.935E-09 2.930E-09 2.741E-09 2.708E-09
 2.708E-09 2.708E-09 2.695E-09 2.258E-09 2.173E-09 2.174E-09 2.176E-09 2.177E-09
 2.179E-09
 3.334E-09 3.331E-09 3.326E-09 3.320E-09 3.315E-09 3.310E-09 3.304E-09 3.299E-09
 3.293E-09 3.288E-09 3.282E-09 2.974E-09 2.889E-09 2.884E-09 2.717E-09 2.689E-09
 2.687E-09 2.687E-09 2.674E-09 2.247E-09 2.165E-09 2.166E-09 2.168E-09 2.169E-09
 2.171E-09
 3.248E-09 3.245E-09 3.240E-09 3.236E-09 3.231E-09 3.226E-09 3.221E-09 3.217E-09
 3.212E-09 3.207E-09 3.202E-09 2.934E-09 2.860E-09 2.855E-09 2.704E-09 2.678E-09
 2.676E-09 2.675E-09 2.662E-09 2.240E-09 2.161E-09 2.162E-09 2.163E-09 2.164E-09
 2.166E-09
--------------------------------------------------------------------------------
   20 /EREF=3.000E+03 /NREF=3.000E+12
--------------------------------------------------------------------------------
 1.000E+01 2.000E+01 3.000E+01 4.000E+01 5.000E+01 6.000E+01 7.000E+01 8.000E+01
 8.966E+01 1.000E+02 2.000E+02 3.000E+02 4.000E+02 5.000E+02 6.000E+02 7.000E+02
 8.000E+02 8.966E+02 1.000E+03 2.000E+03
--------------------------------------------------------------------------------
 6.145E-08 3.035E-08 1.991E-08 1.472E-08 1.163E-08 9.599E-09 8.161E-09 7.093E-09
 6.271E-09 5.619E-09 2.775E-09 1.870E-09 1.423E-09 1.153E-09 9.694E-10 8.349E-10
 7.340E-10 6.541E-10 5.882E-10 2.762E-10
--------------------------------------------------------------------------------
C
C
C     ADAS FILE TYPE : 	ADF21
C     SOURCE FILE    :  /home/anderson/adas/adf26/bnl99#he/bnl99#he_n7.dat          
C
C     USER ID	     :  anderson        
C
--------------------------------------------------------------------------------
 
C---------------------------------------------------------------------------------
C ADAS ADF21/bms99#he_slow DATA - SCCS info: @(#)$Header: /u/xshare/Attic/repos/codesys/source/adas/data/adf21/bms99#he_slow/gcrc32/gcrc32#he_n7.dat,v 1.1 2009-07-30 05:38:28 Marina Gorelenkova Exp $ Date $Date: 2009-07-30 05:38:28 $
C---------------------------------------------------------------------------------
