    2 /GCRC8=7.197E-09 /SPEC=HE /DATE=06/01/99 /CODE=ADAS313
--------------------------------------------------------------------------------
   25   25 /TREF=1.000E+02
--------------------------------------------------------------------------------
 5.000E+01 1.000E+02 2.000E+02 3.000E+02 4.000E+02 5.000E+02 6.000E+02 7.000E+02
 8.000E+02 9.000E+02 1.000E+03 2.000E+03 3.000E+03 4.000E+03 5.000E+03 6.000E+03
 7.000E+03 8.000E+03 9.000E+03 1.000E+04 1.100E+04 1.200E+04 1.300E+04 1.400E+04
 1.500E+04
 1.000E+11 2.000E+11 3.000E+11 4.000E+11 5.000E+11 6.000E+11 7.000E+11 8.000E+11
 9.000E+11 1.000E+12 2.000E+12 3.000E+12 4.000E+12 5.000E+12 6.000E+12 7.000E+12
 8.000E+12 9.000E+12 1.000E+13 2.000E+13 3.000E+13 4.000E+13 5.000E+13 6.000E+13
 7.000E+13
--------------------------------------------------------------------------------
 1.877E-08 1.877E-08 1.876E-08 1.875E-08 1.874E-08 1.874E-08 1.873E-08 1.872E-08
 1.871E-08 1.870E-08 1.869E-08 1.813E-08 1.766E-08 1.764E-08 1.761E-08 1.758E-08
 1.759E-08 1.760E-08 1.759E-08 1.751E-08 1.745E-08 1.743E-08 1.743E-08 1.743E-08
 1.742E-08
 1.830E-08 1.829E-08 1.827E-08 1.825E-08 1.823E-08 1.821E-08 1.819E-08 1.817E-08
 1.815E-08 1.813E-08 1.810E-08 1.711E-08 1.633E-08 1.628E-08 1.619E-08 1.612E-08
 1.612E-08 1.612E-08 1.609E-08 1.593E-08 1.581E-08 1.578E-08 1.576E-08 1.574E-08
 1.573E-08
 1.782E-08 1.780E-08 1.777E-08 1.774E-08 1.771E-08 1.768E-08 1.765E-08 1.762E-08
 1.759E-08 1.756E-08 1.752E-08 1.621E-08 1.522E-08 1.515E-08 1.501E-08 1.491E-08
 1.490E-08 1.489E-08 1.484E-08 1.464E-08 1.446E-08 1.442E-08 1.439E-08 1.437E-08
 1.435E-08
 1.736E-08 1.734E-08 1.729E-08 1.725E-08 1.721E-08 1.717E-08 1.714E-08 1.710E-08
 1.706E-08 1.701E-08 1.697E-08 1.542E-08 1.430E-08 1.421E-08 1.404E-08 1.391E-08
 1.390E-08 1.388E-08 1.382E-08 1.357E-08 1.336E-08 1.330E-08 1.328E-08 1.325E-08
 1.322E-08
 1.692E-08 1.689E-08 1.684E-08 1.679E-08 1.674E-08 1.670E-08 1.665E-08 1.660E-08
 1.656E-08 1.650E-08 1.645E-08 1.473E-08 1.353E-08 1.343E-08 1.322E-08 1.307E-08
 1.305E-08 1.304E-08 1.296E-08 1.267E-08 1.244E-08 1.238E-08 1.235E-08 1.232E-08
 1.229E-08
 1.650E-08 1.647E-08 1.641E-08 1.636E-08 1.630E-08 1.625E-08 1.619E-08 1.614E-08
 1.609E-08 1.603E-08 1.597E-08 1.412E-08 1.286E-08 1.275E-08 1.252E-08 1.236E-08
 1.234E-08 1.232E-08 1.223E-08 1.192E-08 1.166E-08 1.159E-08 1.156E-08 1.153E-08
 1.151E-08
 1.610E-08 1.607E-08 1.601E-08 1.595E-08 1.589E-08 1.583E-08 1.577E-08 1.571E-08
 1.565E-08 1.559E-08 1.552E-08 1.358E-08 1.229E-08 1.217E-08 1.192E-08 1.174E-08
 1.172E-08 1.169E-08 1.161E-08 1.127E-08 1.099E-08 1.092E-08 1.089E-08 1.086E-08
 1.084E-08
 1.573E-08 1.570E-08 1.563E-08 1.556E-08 1.550E-08 1.543E-08 1.537E-08 1.531E-08
 1.524E-08 1.518E-08 1.511E-08 1.310E-08 1.178E-08 1.166E-08 1.139E-08 1.120E-08
 1.118E-08 1.115E-08 1.106E-08 1.070E-08 1.041E-08 1.034E-08 1.031E-08 1.028E-08
 1.026E-08
 1.538E-08 1.534E-08 1.527E-08 1.520E-08 1.513E-08 1.506E-08 1.499E-08 1.493E-08
 1.486E-08 1.479E-08 1.472E-08 1.266E-08 1.133E-08 1.121E-08 1.093E-08 1.073E-08
 1.070E-08 1.068E-08 1.058E-08 1.021E-08 9.906E-09 9.836E-09 9.807E-09 9.778E-09
 9.754E-09
 1.505E-08 1.501E-08 1.493E-08 1.486E-08 1.478E-08 1.471E-08 1.464E-08 1.457E-08
 1.450E-08 1.443E-08 1.436E-08 1.226E-08 1.093E-08 1.081E-08 1.051E-08 1.031E-08
 1.028E-08 1.026E-08 1.016E-08 9.767E-09 9.458E-09 9.388E-09 9.360E-09 9.332E-09
 9.309E-09
 1.250E-08 1.245E-08 1.236E-08 1.227E-08 1.219E-08 1.210E-08 1.202E-08 1.194E-08
 1.186E-08 1.178E-08 1.170E-08 9.622E-09 8.445E-09 8.325E-09 7.967E-09 7.734E-09
 7.709E-09 7.691E-09 7.579E-09 7.116E-09 6.777E-09 6.711E-09 6.693E-09 6.676E-09
 6.662E-09
 1.085E-08 1.080E-08 1.071E-08 1.062E-08 1.054E-08 1.045E-08 1.038E-08 1.030E-08
 1.022E-08 1.014E-08 1.007E-08 8.196E-09 7.197E-09 7.087E-09 6.708E-09 6.474E-09
 6.452E-09 6.439E-09 6.324E-09 5.848E-09 5.519E-09 5.461E-09 5.449E-09 5.438E-09
 5.430E-09
 9.673E-09 9.629E-09 9.543E-09 9.461E-09 9.382E-09 9.306E-09 9.232E-09 9.160E-09
 9.090E-09 9.018E-09 8.945E-09 7.281E-09 6.423E-09 6.322E-09 5.937E-09 5.710E-09
 5.691E-09 5.680E-09 5.566E-09 5.097E-09 4.788E-09 4.736E-09 4.728E-09 4.720E-09
 4.715E-09
 8.793E-09 8.752E-09 8.673E-09 8.596E-09 8.523E-09 8.452E-09 8.384E-09 8.318E-09
 8.253E-09 8.187E-09 8.121E-09 6.634E-09 5.885E-09 5.791E-09 5.409E-09 5.192E-09
 5.175E-09 5.165E-09 5.053E-09 4.600E-09 4.310E-09 4.265E-09 4.258E-09 4.252E-09
 4.249E-09
 8.105E-09 8.067E-09 7.994E-09 7.923E-09 7.855E-09 7.790E-09 7.727E-09 7.666E-09
 7.607E-09 7.546E-09 7.485E-09 6.147E-09 5.485E-09 5.397E-09 5.022E-09 4.816E-09
 4.800E-09 4.791E-09 4.682E-09 4.246E-09 3.976E-09 3.934E-09 3.929E-09 3.925E-09
 3.923E-09
 7.551E-09 7.516E-09 7.448E-09 7.382E-09 7.320E-09 7.259E-09 7.201E-09 7.145E-09
 7.090E-09 7.034E-09 6.978E-09 5.766E-09 5.173E-09 5.089E-09 4.725E-09 4.530E-09
 4.515E-09 4.506E-09 4.400E-09 3.982E-09 3.729E-09 3.691E-09 3.687E-09 3.684E-09
 3.683E-09
 7.095E-09 7.062E-09 6.998E-09 6.938E-09 6.880E-09 6.824E-09 6.770E-09 6.717E-09
 6.667E-09 6.615E-09 6.563E-09 5.457E-09 4.921E-09 4.842E-09 4.489E-09 4.305E-09
 4.290E-09 4.282E-09 4.179E-09 3.778E-09 3.541E-09 3.506E-09 3.502E-09 3.500E-09
 3.499E-09
 6.712E-09 6.681E-09 6.622E-09 6.566E-09 6.511E-09 6.459E-09 6.409E-09 6.361E-09
 6.313E-09 6.265E-09 6.217E-09 5.202E-09 4.714E-09 4.637E-09 4.297E-09 4.123E-09
 4.109E-09 4.101E-09 4.001E-09 3.616E-09 3.392E-09 3.360E-09 3.357E-09 3.355E-09
 3.354E-09
 6.386E-09 6.357E-09 6.302E-09 6.249E-09 6.199E-09 6.150E-09 6.103E-09 6.058E-09
 6.014E-09 5.969E-09 5.924E-09 4.988E-09 4.539E-09 4.466E-09 4.138E-09 3.973E-09
 3.960E-09 3.952E-09 3.855E-09 3.485E-09 3.273E-09 3.242E-09 3.240E-09 3.238E-09
 3.238E-09
 4.669E-09 4.652E-09 4.620E-09 4.589E-09 4.559E-09 4.531E-09 4.503E-09 4.477E-09
 4.451E-09 4.424E-09 4.399E-09 3.882E-09 3.639E-09 3.587E-09 3.357E-09 3.253E-09
 3.242E-09 3.236E-09 3.158E-09 2.883E-09 2.737E-09 2.717E-09 2.717E-09 2.716E-09
 2.717E-09
 4.005E-09 3.994E-09 3.971E-09 3.949E-09 3.929E-09 3.909E-09 3.889E-09 3.871E-09
 3.853E-09 3.834E-09 3.816E-09 3.464E-09 3.297E-09 3.257E-09 3.082E-09 3.005E-09
 2.996E-09 2.989E-09 2.922E-09 2.688E-09 2.569E-09 2.553E-09 2.553E-09 2.553E-09
 2.553E-09
 3.666E-09 3.657E-09 3.640E-09 3.623E-09 3.607E-09 3.592E-09 3.577E-09 3.563E-09
 3.549E-09 3.535E-09 3.521E-09 3.252E-09 3.125E-09 3.091E-09 2.948E-09 2.886E-09
 2.878E-09 2.871E-09 2.809E-09 2.598E-09 2.491E-09 2.478E-09 2.477E-09 2.477E-09
 2.478E-09
 3.467E-09 3.459E-09 3.445E-09 3.432E-09 3.419E-09 3.406E-09 3.394E-09 3.382E-09
 3.371E-09 3.359E-09 3.347E-09 3.129E-09 3.025E-09 2.995E-09 2.873E-09 2.820E-09
 2.812E-09 2.806E-09 2.747E-09 2.548E-09 2.449E-09 2.436E-09 2.436E-09 2.436E-09
 2.437E-09
 3.338E-09 3.332E-09 3.320E-09 3.309E-09 3.297E-09 3.287E-09 3.276E-09 3.266E-09
 3.257E-09 3.247E-09 3.237E-09 3.052E-09 2.962E-09 2.936E-09 2.827E-09 2.780E-09
 2.773E-09 2.767E-09 2.710E-09 2.519E-09 2.424E-09 2.412E-09 2.412E-09 2.412E-09
 2.413E-09
 3.251E-09 3.246E-09 3.235E-09 3.225E-09 3.215E-09 3.206E-09 3.197E-09 3.188E-09
 3.180E-09 3.171E-09 3.162E-09 3.000E-09 2.921E-09 2.897E-09 2.799E-09 2.756E-09
 2.749E-09 2.743E-09 2.687E-09 2.500E-09 2.409E-09 2.397E-09 2.397E-09 2.397E-09
 2.398E-09
--------------------------------------------------------------------------------
   20 /EREF=3.000E+03 /NREF=3.000E+12
--------------------------------------------------------------------------------
 1.000E+01 2.000E+01 3.000E+01 4.000E+01 5.000E+01 6.000E+01 7.000E+01 8.000E+01
 8.966E+01 1.000E+02 2.000E+02 3.000E+02 4.000E+02 5.000E+02 6.000E+02 7.000E+02
 8.000E+02 8.966E+02 1.000E+03 2.000E+03
--------------------------------------------------------------------------------
 6.544E-08 3.366E-08 2.274E-08 1.720E-08 1.386E-08 1.164E-08 1.005E-08 8.858E-09
 7.934E-09 7.197E-09 3.902E-09 2.804E-09 2.230E-09 1.864E-09 1.604E-09 1.408E-09
 1.253E-09 1.127E-09 1.023E-09 4.967E-10
--------------------------------------------------------------------------------
C
C
C     ADAS FILE TYPE : 	ADF21
C     SOURCE FILE    :  /home/anderson/adas/adf26/bnl99#he/bnl99#he_he2.dat         
C
C     USER ID	     :  anderson        
C
--------------------------------------------------------------------------------
 
C---------------------------------------------------------------------------------
C ADAS ADF21/bms99#he_slow DATA - SCCS info: @(#)$Header: /u/xshare/Attic/repos/codesys/source/adas/data/adf21/bms99#he_slow/gcrc32/gcrc32#he_he2.dat,v 1.1 2009-07-30 05:38:28 Marina Gorelenkova Exp $ Date $Date: 2009-07-30 05:38:28 $
C---------------------------------------------------------------------------------
