    8 /GCRC4=3.857E-10 /SPEC=O  /DATE=05/01/99 /CODE=ADAS313
--------------------------------------------------------------------------------
   25   25 /TREF=2.000E+03
--------------------------------------------------------------------------------
 1.000E+04 1.300E+04 1.500E+04 1.800E+04 2.000E+04 2.300E+04 2.500E+04 2.800E+04
 3.000E+04 3.300E+04 3.500E+04 3.800E+04 4.000E+04 4.300E+04 4.500E+04 4.800E+04
 5.000E+04 5.300E+04 5.500E+04 5.800E+04 6.000E+04 6.300E+04 6.500E+04 6.800E+04
 7.000E+04
 1.000E+12 2.000E+12 3.000E+12 5.000E+12 6.000E+12 7.000E+12 8.000E+12 9.000E+12
 1.000E+13 2.000E+13 3.000E+13 5.000E+13 6.000E+13 7.000E+13 8.000E+13 9.000E+13
 1.000E+14 2.000E+14 3.000E+14 5.000E+14 6.000E+14 7.000E+14 8.000E+14 9.000E+14
 1.000E+15
--------------------------------------------------------------------------------
 3.683E-10 3.692E-10 3.699E-10 3.709E-10 3.715E-10 3.726E-10 3.733E-10 3.745E-10
 3.753E-10 3.764E-10 3.773E-10 3.785E-10 3.793E-10 3.806E-10 3.814E-10 3.827E-10
 3.836E-10 3.848E-10 3.857E-10 3.869E-10 3.877E-10 3.889E-10 3.897E-10 3.908E-10
 3.915E-10
 3.611E-10 3.621E-10 3.628E-10 3.639E-10 3.646E-10 3.658E-10 3.666E-10 3.679E-10
 3.687E-10 3.700E-10 3.709E-10 3.723E-10 3.732E-10 3.745E-10 3.755E-10 3.768E-10
 3.778E-10 3.791E-10 3.800E-10 3.813E-10 3.822E-10 3.835E-10 3.843E-10 3.855E-10
 3.863E-10
 3.570E-10 3.581E-10 3.589E-10 3.602E-10 3.610E-10 3.623E-10 3.632E-10 3.646E-10
 3.655E-10 3.669E-10 3.679E-10 3.693E-10 3.703E-10 3.718E-10 3.728E-10 3.742E-10
 3.752E-10 3.767E-10 3.776E-10 3.790E-10 3.799E-10 3.813E-10 3.822E-10 3.835E-10
 3.843E-10
 3.523E-10 3.537E-10 3.547E-10 3.562E-10 3.572E-10 3.587E-10 3.597E-10 3.613E-10
 3.624E-10 3.640E-10 3.651E-10 3.667E-10 3.678E-10 3.695E-10 3.706E-10 3.722E-10
 3.733E-10 3.749E-10 3.760E-10 3.776E-10 3.786E-10 3.801E-10 3.811E-10 3.826E-10
 3.835E-10
 3.509E-10 3.524E-10 3.534E-10 3.550E-10 3.561E-10 3.577E-10 3.588E-10 3.605E-10
 3.616E-10 3.633E-10 3.645E-10 3.662E-10 3.673E-10 3.691E-10 3.702E-10 3.720E-10
 3.731E-10 3.748E-10 3.759E-10 3.776E-10 3.787E-10 3.803E-10 3.813E-10 3.828E-10
 3.838E-10
 3.497E-10 3.513E-10 3.524E-10 3.541E-10 3.553E-10 3.570E-10 3.581E-10 3.599E-10
 3.611E-10 3.629E-10 3.641E-10 3.659E-10 3.671E-10 3.689E-10 3.702E-10 3.720E-10
 3.732E-10 3.750E-10 3.761E-10 3.779E-10 3.790E-10 3.807E-10 3.817E-10 3.833E-10
 3.844E-10
 3.489E-10 3.505E-10 3.517E-10 3.535E-10 3.547E-10 3.565E-10 3.577E-10 3.596E-10
 3.608E-10 3.627E-10 3.639E-10 3.658E-10 3.671E-10 3.690E-10 3.703E-10 3.722E-10
 3.734E-10 3.753E-10 3.765E-10 3.783E-10 3.795E-10 3.812E-10 3.824E-10 3.840E-10
 3.851E-10
 3.482E-10 3.499E-10 3.511E-10 3.530E-10 3.543E-10 3.562E-10 3.574E-10 3.594E-10
 3.607E-10 3.626E-10 3.639E-10 3.659E-10 3.672E-10 3.692E-10 3.705E-10 3.725E-10
 3.738E-10 3.757E-10 3.770E-10 3.789E-10 3.801E-10 3.819E-10 3.831E-10 3.849E-10
 3.860E-10
 3.476E-10 3.494E-10 3.507E-10 3.526E-10 3.540E-10 3.559E-10 3.573E-10 3.593E-10
 3.606E-10 3.627E-10 3.640E-10 3.661E-10 3.675E-10 3.695E-10 3.709E-10 3.729E-10
 3.743E-10 3.763E-10 3.776E-10 3.796E-10 3.808E-10 3.827E-10 3.840E-10 3.858E-10
 3.870E-10
 3.462E-10 3.484E-10 3.501E-10 3.528E-10 3.546E-10 3.573E-10 3.591E-10 3.618E-10
 3.636E-10 3.664E-10 3.682E-10 3.710E-10 3.728E-10 3.756E-10 3.774E-10 3.801E-10
 3.820E-10 3.847E-10 3.864E-10 3.891E-10 3.908E-10 3.933E-10 3.950E-10 3.974E-10
 3.990E-10
 3.479E-10 3.503E-10 3.523E-10 3.556E-10 3.578E-10 3.611E-10 3.633E-10 3.667E-10
 3.689E-10 3.723E-10 3.745E-10 3.780E-10 3.802E-10 3.836E-10 3.859E-10 3.893E-10
 3.915E-10 3.948E-10 3.970E-10 4.003E-10 4.024E-10 4.055E-10 4.076E-10 4.106E-10
 4.126E-10
 3.544E-10 3.566E-10 3.592E-10 3.634E-10 3.663E-10 3.707E-10 3.737E-10 3.782E-10
 3.812E-10 3.857E-10 3.888E-10 3.933E-10 3.964E-10 4.009E-10 4.040E-10 4.085E-10
 4.116E-10 4.160E-10 4.190E-10 4.234E-10 4.263E-10 4.305E-10 4.333E-10 4.374E-10
 4.400E-10
 3.583E-10 3.602E-10 3.630E-10 3.677E-10 3.709E-10 3.758E-10 3.791E-10 3.842E-10
 3.875E-10 3.926E-10 3.960E-10 4.011E-10 4.045E-10 4.096E-10 4.130E-10 4.181E-10
 4.215E-10 4.265E-10 4.299E-10 4.348E-10 4.380E-10 4.428E-10 4.459E-10 4.504E-10
 4.534E-10
 3.622E-10 3.638E-10 3.668E-10 3.720E-10 3.755E-10 3.809E-10 3.846E-10 3.901E-10
 3.938E-10 3.994E-10 4.031E-10 4.088E-10 4.125E-10 4.182E-10 4.219E-10 4.276E-10
 4.313E-10 4.368E-10 4.405E-10 4.459E-10 4.495E-10 4.547E-10 4.582E-10 4.632E-10
 4.665E-10
 3.662E-10 3.674E-10 3.706E-10 3.762E-10 3.801E-10 3.859E-10 3.899E-10 3.959E-10
 4.000E-10 4.060E-10 4.101E-10 4.163E-10 4.204E-10 4.265E-10 4.306E-10 4.368E-10
 4.408E-10 4.469E-10 4.509E-10 4.568E-10 4.607E-10 4.664E-10 4.701E-10 4.756E-10
 4.792E-10
 3.703E-10 3.710E-10 3.744E-10 3.804E-10 3.845E-10 3.909E-10 3.951E-10 4.016E-10
 4.060E-10 4.126E-10 4.170E-10 4.236E-10 4.280E-10 4.347E-10 4.391E-10 4.457E-10
 4.501E-10 4.567E-10 4.610E-10 4.674E-10 4.716E-10 4.778E-10 4.818E-10 4.877E-10
 4.916E-10
 3.743E-10 3.745E-10 3.781E-10 3.845E-10 3.889E-10 3.957E-10 4.002E-10 4.072E-10
 4.119E-10 4.189E-10 4.236E-10 4.307E-10 4.355E-10 4.426E-10 4.473E-10 4.545E-10
 4.592E-10 4.662E-10 4.708E-10 4.777E-10 4.822E-10 4.888E-10 4.931E-10 4.995E-10
 5.036E-10
 4.106E-10 4.041E-10 4.091E-10 4.188E-10 4.257E-10 4.363E-10 4.435E-10 4.544E-10
 4.617E-10 4.728E-10 4.802E-10 4.914E-10 4.989E-10 5.102E-10 5.177E-10 5.289E-10
 5.364E-10 5.475E-10 5.548E-10 5.657E-10 5.728E-10 5.832E-10 5.900E-10 6.000E-10
 6.064E-10
 4.397E-10 4.255E-10 4.313E-10 4.436E-10 4.523E-10 4.659E-10 4.751E-10 4.891E-10
 4.985E-10 5.127E-10 5.223E-10 5.367E-10 5.464E-10 5.608E-10 5.705E-10 5.850E-10
 5.946E-10 6.088E-10 6.183E-10 6.323E-10 6.414E-10 6.548E-10 6.636E-10 6.763E-10
 6.846E-10
 4.820E-10 4.536E-10 4.604E-10 4.762E-10 4.877E-10 5.055E-10 5.176E-10 5.360E-10
 5.484E-10 5.672E-10 5.798E-10 5.989E-10 6.117E-10 6.309E-10 6.437E-10 6.629E-10
 6.756E-10 6.946E-10 7.071E-10 7.257E-10 7.378E-10 7.556E-10 7.672E-10 7.841E-10
 7.950E-10
 4.977E-10 4.633E-10 4.703E-10 4.874E-10 4.999E-10 5.193E-10 5.325E-10 5.525E-10
 5.660E-10 5.865E-10 6.003E-10 6.211E-10 6.351E-10 6.560E-10 6.700E-10 6.910E-10
 7.049E-10 7.256E-10 7.393E-10 7.596E-10 7.729E-10 7.923E-10 8.050E-10 8.235E-10
 8.354E-10
 5.110E-10 4.711E-10 4.784E-10 4.966E-10 5.099E-10 5.305E-10 5.446E-10 5.661E-10
 5.805E-10 6.024E-10 6.172E-10 6.395E-10 6.544E-10 6.768E-10 6.918E-10 7.143E-10
 7.292E-10 7.515E-10 7.661E-10 7.879E-10 8.021E-10 8.230E-10 8.366E-10 8.564E-10
 8.691E-10
 5.224E-10 4.776E-10 4.851E-10 5.041E-10 5.181E-10 5.399E-10 5.547E-10 5.774E-10
 5.926E-10 6.157E-10 6.313E-10 6.549E-10 6.706E-10 6.944E-10 7.102E-10 7.340E-10
 7.498E-10 7.733E-10 7.888E-10 8.118E-10 8.269E-10 8.489E-10 8.633E-10 8.842E-10
 8.978E-10
 5.321E-10 4.830E-10 4.907E-10 5.105E-10 5.251E-10 5.478E-10 5.633E-10 5.869E-10
 6.029E-10 6.271E-10 6.433E-10 6.680E-10 6.845E-10 7.093E-10 7.259E-10 7.508E-10
 7.673E-10 7.919E-10 8.082E-10 8.323E-10 8.481E-10 8.712E-10 8.862E-10 9.082E-10
 9.223E-10
 5.407E-10 4.876E-10 4.954E-10 5.159E-10 5.310E-10 5.546E-10 5.706E-10 5.951E-10
 6.117E-10 6.368E-10 6.537E-10 6.793E-10 6.964E-10 7.222E-10 7.395E-10 7.653E-10
 7.825E-10 8.081E-10 8.250E-10 8.501E-10 8.665E-10 8.905E-10 9.061E-10 9.289E-10
 9.436E-10
--------------------------------------------------------------------------------
   20 /EREF=3.300E+04 /NREF=5.000E+13
--------------------------------------------------------------------------------
 1.000E+02 2.000E+02 3.000E+02 5.000E+02 6.000E+02 7.000E+02 8.000E+02 8.966E+02
 1.000E+03 2.000E+03 3.000E+03 5.000E+03 6.000E+03 7.000E+03 8.000E+03 8.966E+03
 1.000E+04 2.000E+04 3.000E+04 5.000E+04
--------------------------------------------------------------------------------
 8.412E-10 7.929E-10 7.326E-10 6.397E-10 6.042E-10 5.741E-10 5.482E-10 5.257E-10
 5.058E-10 3.857E-10 3.253E-10 2.603E-10 2.402E-10 2.243E-10 2.113E-10 2.006E-10
 1.914E-10 1.411E-10 1.241E-10 1.060E-10
--------------------------------------------------------------------------------
C
C
C     ADAS FILE TYPE : 	ADF21
C     SOURCE FILE    :  /home/anderson/adas/adf26/bnl99#he/bnl99#he_o8.dat          
C
C     USER ID	     :  anderson        
C
--------------------------------------------------------------------------------
 
C---------------------------------------------------------------------------------
C ADAS ADF21/bms99#he_fast DATA - SCCS info: @(#)$Header: /u/xshare/Attic/repos/codesys/source/adas/data/adf21/bms99#he_fast/gcrc21/gcrc21#he_o8.dat,v 1.1 2009-07-30 05:44:03 Marina Gorelenkova Exp $ Date $Date: 2009-07-30 05:44:03 $
C---------------------------------------------------------------------------------
