    5 /GCRC2=7.743E-07 /SPEC=B  /DATE=05/01/99 /CODE=ADAS313
--------------------------------------------------------------------------------
   25   25 /TREF=2.000E+03
--------------------------------------------------------------------------------
 1.000E+04 1.300E+04 1.500E+04 1.800E+04 2.000E+04 2.300E+04 2.500E+04 2.800E+04
 3.000E+04 3.300E+04 3.500E+04 3.800E+04 4.000E+04 4.300E+04 4.500E+04 4.800E+04
 5.000E+04 5.300E+04 5.500E+04 5.800E+04 6.000E+04 6.300E+04 6.500E+04 6.800E+04
 7.000E+04
 1.000E+12 2.000E+12 3.000E+12 5.000E+12 6.000E+12 7.000E+12 8.000E+12 9.000E+12
 1.000E+13 2.000E+13 3.000E+13 5.000E+13 6.000E+13 7.000E+13 8.000E+13 9.000E+13
 1.000E+14 2.000E+14 3.000E+14 5.000E+14 6.000E+14 7.000E+14 8.000E+14 9.000E+14
 1.000E+15
--------------------------------------------------------------------------------
 7.850E-07 8.310E-07 8.615E-07 9.064E-07 9.355E-07 9.779E-07 1.006E-06 1.047E-06
 1.074E-06 1.114E-06 1.141E-06 1.182E-06 1.209E-06 1.250E-06 1.278E-06 1.319E-06
 1.347E-06 1.388E-06 1.416E-06 1.457E-06 1.484E-06 1.524E-06 1.550E-06 1.589E-06
 1.614E-06
 7.730E-07 8.174E-07 8.472E-07 8.910E-07 9.194E-07 9.607E-07 9.877E-07 1.028E-06
 1.054E-06 1.093E-06 1.120E-06 1.159E-06 1.185E-06 1.225E-06 1.252E-06 1.292E-06
 1.319E-06 1.359E-06 1.386E-06 1.426E-06 1.452E-06 1.491E-06 1.516E-06 1.553E-06
 1.578E-06
 7.637E-07 8.067E-07 8.358E-07 8.786E-07 9.064E-07 9.467E-07 9.730E-07 1.012E-06
 1.038E-06 1.076E-06 1.101E-06 1.140E-06 1.165E-06 1.204E-06 1.230E-06 1.269E-06
 1.295E-06 1.334E-06 1.360E-06 1.399E-06 1.424E-06 1.462E-06 1.486E-06 1.523E-06
 1.546E-06
 7.492E-07 7.895E-07 8.173E-07 8.583E-07 8.849E-07 9.235E-07 9.487E-07 9.859E-07
 1.010E-06 1.047E-06 1.071E-06 1.107E-06 1.132E-06 1.169E-06 1.193E-06 1.230E-06
 1.255E-06 1.292E-06 1.317E-06 1.353E-06 1.377E-06 1.413E-06 1.436E-06 1.470E-06
 1.493E-06
 7.431E-07 7.822E-07 8.093E-07 8.496E-07 8.756E-07 9.135E-07 9.381E-07 9.746E-07
 9.987E-07 1.034E-06 1.058E-06 1.093E-06 1.117E-06 1.153E-06 1.177E-06 1.213E-06
 1.237E-06 1.274E-06 1.297E-06 1.333E-06 1.357E-06 1.391E-06 1.414E-06 1.447E-06
 1.469E-06
 7.375E-07 7.754E-07 8.020E-07 8.415E-07 8.671E-07 9.042E-07 9.284E-07 9.641E-07
 9.877E-07 1.023E-06 1.046E-06 1.080E-06 1.104E-06 1.139E-06 1.162E-06 1.198E-06
 1.221E-06 1.256E-06 1.280E-06 1.314E-06 1.337E-06 1.371E-06 1.393E-06 1.426E-06
 1.447E-06
 7.323E-07 7.691E-07 7.952E-07 8.339E-07 8.590E-07 8.955E-07 9.192E-07 9.543E-07
 9.774E-07 1.012E-06 1.034E-06 1.068E-06 1.091E-06 1.125E-06 1.148E-06 1.183E-06
 1.206E-06 1.240E-06 1.263E-06 1.297E-06 1.319E-06 1.352E-06 1.374E-06 1.406E-06
 1.427E-06
 7.275E-07 7.632E-07 7.887E-07 8.268E-07 8.515E-07 8.873E-07 9.106E-07 9.450E-07
 9.677E-07 1.001E-06 1.023E-06 1.057E-06 1.079E-06 1.113E-06 1.135E-06 1.169E-06
 1.191E-06 1.225E-06 1.247E-06 1.280E-06 1.302E-06 1.334E-06 1.356E-06 1.387E-06
 1.407E-06
 7.230E-07 7.576E-07 7.827E-07 8.201E-07 8.443E-07 8.796E-07 9.024E-07 9.362E-07
 9.585E-07 9.914E-07 1.013E-06 1.046E-06 1.068E-06 1.100E-06 1.122E-06 1.156E-06
 1.178E-06 1.210E-06 1.232E-06 1.265E-06 1.286E-06 1.318E-06 1.338E-06 1.369E-06
 1.388E-06
 6.878E-07 7.132E-07 7.341E-07 7.663E-07 7.872E-07 8.175E-07 8.372E-07 8.660E-07
 8.849E-07 9.127E-07 9.311E-07 9.584E-07 9.766E-07 1.004E-06 1.022E-06 1.050E-06
 1.068E-06 1.095E-06 1.113E-06 1.140E-06 1.157E-06 1.183E-06 1.200E-06 1.225E-06
 1.241E-06
 6.625E-07 6.804E-07 6.984E-07 7.268E-07 7.453E-07 7.722E-07 7.895E-07 8.148E-07
 8.314E-07 8.557E-07 8.716E-07 8.953E-07 9.110E-07 9.346E-07 9.503E-07 9.739E-07
 9.894E-07 1.013E-06 1.028E-06 1.051E-06 1.066E-06 1.088E-06 1.102E-06 1.123E-06
 1.137E-06
 6.257E-07 6.319E-07 6.455E-07 6.688E-07 6.842E-07 7.064E-07 7.206E-07 7.413E-07
 7.547E-07 7.743E-07 7.871E-07 8.060E-07 8.185E-07 8.371E-07 8.495E-07 8.679E-07
 8.801E-07 8.982E-07 9.101E-07 9.278E-07 9.393E-07 9.564E-07 9.675E-07 9.838E-07
 9.944E-07
 6.112E-07 6.126E-07 6.246E-07 6.461E-07 6.604E-07 6.809E-07 6.941E-07 7.132E-07
 7.255E-07 7.435E-07 7.552E-07 7.724E-07 7.838E-07 8.007E-07 8.119E-07 8.286E-07
 8.396E-07 8.560E-07 8.667E-07 8.826E-07 8.931E-07 9.084E-07 9.184E-07 9.331E-07
 9.426E-07
 5.983E-07 5.955E-07 6.062E-07 6.262E-07 6.395E-07 6.588E-07 6.710E-07 6.888E-07
 7.003E-07 7.169E-07 7.277E-07 7.436E-07 7.540E-07 7.696E-07 7.799E-07 7.952E-07
 8.052E-07 8.202E-07 8.300E-07 8.445E-07 8.540E-07 8.679E-07 8.770E-07 8.903E-07
 8.990E-07
 5.867E-07 5.800E-07 5.896E-07 6.083E-07 6.209E-07 6.391E-07 6.506E-07 6.673E-07
 6.780E-07 6.936E-07 7.037E-07 7.184E-07 7.281E-07 7.425E-07 7.521E-07 7.662E-07
 7.755E-07 7.892E-07 7.982E-07 8.116E-07 8.203E-07 8.331E-07 8.415E-07 8.537E-07
 8.617E-07
 5.761E-07 5.659E-07 5.745E-07 5.922E-07 6.041E-07 6.213E-07 6.323E-07 6.481E-07
 6.582E-07 6.728E-07 6.823E-07 6.961E-07 7.052E-07 7.186E-07 7.275E-07 7.406E-07
 7.493E-07 7.620E-07 7.704E-07 7.828E-07 7.909E-07 8.027E-07 8.105E-07 8.218E-07
 8.291E-07
 5.663E-07 5.529E-07 5.606E-07 5.774E-07 5.888E-07 6.052E-07 6.157E-07 6.306E-07
 6.402E-07 6.541E-07 6.630E-07 6.761E-07 6.846E-07 6.973E-07 7.056E-07 7.179E-07
 7.260E-07 7.379E-07 7.457E-07 7.573E-07 7.648E-07 7.758E-07 7.830E-07 7.936E-07
 8.004E-07
 4.928E-07 4.579E-07 4.604E-07 4.723E-07 4.809E-07 4.932E-07 5.009E-07 5.118E-07
 5.187E-07 5.284E-07 5.346E-07 5.435E-07 5.493E-07 5.576E-07 5.631E-07 5.710E-07
 5.761E-07 5.837E-07 5.886E-07 5.957E-07 6.004E-07 6.071E-07 6.115E-07 6.179E-07
 6.220E-07
 4.413E-07 3.954E-07 3.957E-07 4.055E-07 4.129E-07 4.235E-07 4.302E-07 4.394E-07
 4.452E-07 4.533E-07 4.584E-07 4.656E-07 4.703E-07 4.769E-07 4.812E-07 4.874E-07
 4.913E-07 4.971E-07 5.008E-07 5.062E-07 5.097E-07 5.147E-07 5.180E-07 5.227E-07
 5.258E-07
 3.681E-07 3.130E-07 3.115E-07 3.192E-07 3.254E-07 3.343E-07 3.398E-07 3.474E-07
 3.521E-07 3.587E-07 3.628E-07 3.685E-07 3.721E-07 3.772E-07 3.804E-07 3.850E-07
 3.879E-07 3.921E-07 3.947E-07 3.986E-07 4.010E-07 4.045E-07 4.068E-07 4.100E-07
 4.121E-07
 3.404E-07 2.839E-07 2.820E-07 2.891E-07 2.948E-07 3.032E-07 3.083E-07 3.154E-07
 3.197E-07 3.258E-07 3.296E-07 3.348E-07 3.381E-07 3.428E-07 3.457E-07 3.498E-07
 3.524E-07 3.562E-07 3.585E-07 3.619E-07 3.641E-07 3.672E-07 3.691E-07 3.720E-07
 3.738E-07
 3.168E-07 2.599E-07 2.577E-07 2.643E-07 2.697E-07 2.775E-07 2.823E-07 2.890E-07
 2.931E-07 2.987E-07 3.022E-07 3.071E-07 3.102E-07 3.145E-07 3.172E-07 3.210E-07
 3.233E-07 3.267E-07 3.289E-07 3.319E-07 3.339E-07 3.366E-07 3.384E-07 3.409E-07
 3.425E-07
 2.962E-07 2.397E-07 2.373E-07 2.435E-07 2.486E-07 2.560E-07 2.605E-07 2.668E-07
 2.706E-07 2.760E-07 2.793E-07 2.839E-07 2.867E-07 2.907E-07 2.932E-07 2.967E-07
 2.989E-07 3.020E-07 3.040E-07 3.068E-07 3.086E-07 3.111E-07 3.127E-07 3.150E-07
 3.164E-07
 2.783E-07 2.224E-07 2.200E-07 2.258E-07 2.306E-07 2.376E-07 2.419E-07 2.479E-07
 2.515E-07 2.565E-07 2.597E-07 2.640E-07 2.667E-07 2.704E-07 2.727E-07 2.760E-07
 2.781E-07 2.810E-07 2.828E-07 2.854E-07 2.870E-07 2.893E-07 2.908E-07 2.929E-07
 2.942E-07
 2.624E-07 2.075E-07 2.050E-07 2.105E-07 2.151E-07 2.217E-07 2.258E-07 2.315E-07
 2.349E-07 2.397E-07 2.427E-07 2.468E-07 2.493E-07 2.529E-07 2.551E-07 2.581E-07
 2.601E-07 2.628E-07 2.645E-07 2.669E-07 2.684E-07 2.705E-07 2.719E-07 2.738E-07
 2.751E-07
--------------------------------------------------------------------------------
   20 /EREF=3.300E+04 /NREF=5.000E+13
--------------------------------------------------------------------------------
 1.000E+02 2.000E+02 3.000E+02 5.000E+02 6.000E+02 7.000E+02 8.000E+02 8.966E+02
 1.000E+03 2.000E+03 3.000E+03 5.000E+03 6.000E+03 7.000E+03 8.000E+03 8.966E+03
 1.000E+04 2.000E+04 3.000E+04 5.000E+04
--------------------------------------------------------------------------------
 1.693E-06 1.425E-06 1.279E-06 1.113E-06 1.060E-06 1.017E-06 9.809E-07 9.507E-07
 9.245E-07 7.743E-07 7.027E-07 6.267E-07 6.029E-07 5.841E-07 5.688E-07 5.560E-07
 5.451E-07 4.865E-07 4.628E-07 4.458E-07
--------------------------------------------------------------------------------
C
C
C     ADAS FILE TYPE : 	ADF21
C     SOURCE FILE    :  /home/anderson/adas/adf26/bnl99#he/bnl99#he_b5.dat          
C
C     USER ID	     :  anderson        
C
--------------------------------------------------------------------------------
 
C---------------------------------------------------------------------------------
C ADAS ADF21/bms99#he_fast DATA - SCCS info: @(#)$Header: /u/xshare/Attic/repos/codesys/source/adas/data/adf21/bms99#he_fast/gcrc12/gcrc12#he_b5.dat,v 1.1 2009-07-30 05:43:14 Marina Gorelenkova Exp $ Date $Date: 2009-07-30 05:43:14 $
C---------------------------------------------------------------------------------
