   10 /GCRC2=6.545E-07 /SPEC=NE /DATE=05/01/99 /CODE=ADAS313
--------------------------------------------------------------------------------
   25   25 /TREF=2.000E+03
--------------------------------------------------------------------------------
 1.000E+04 1.300E+04 1.500E+04 1.800E+04 2.000E+04 2.300E+04 2.500E+04 2.800E+04
 3.000E+04 3.300E+04 3.500E+04 3.800E+04 4.000E+04 4.300E+04 4.500E+04 4.800E+04
 5.000E+04 5.300E+04 5.500E+04 5.800E+04 6.000E+04 6.300E+04 6.500E+04 6.800E+04
 7.000E+04
 1.000E+12 2.000E+12 3.000E+12 5.000E+12 6.000E+12 7.000E+12 8.000E+12 9.000E+12
 1.000E+13 2.000E+13 3.000E+13 5.000E+13 6.000E+13 7.000E+13 8.000E+13 9.000E+13
 1.000E+14 2.000E+14 3.000E+14 5.000E+14 6.000E+14 7.000E+14 8.000E+14 9.000E+14
 1.000E+15
--------------------------------------------------------------------------------
 7.247E-07 7.556E-07 7.773E-07 8.100E-07 8.319E-07 8.644E-07 8.862E-07 9.188E-07
 9.404E-07 9.723E-07 9.933E-07 1.025E-06 1.045E-06 1.075E-06 1.095E-06 1.125E-06
 1.144E-06 1.173E-06 1.192E-06 1.220E-06 1.238E-06 1.266E-06 1.285E-06 1.313E-06
 1.332E-06
 7.114E-07 7.405E-07 7.615E-07 7.934E-07 8.146E-07 8.463E-07 8.674E-07 8.991E-07
 9.200E-07 9.509E-07 9.713E-07 1.002E-06 1.021E-06 1.051E-06 1.070E-06 1.098E-06
 1.117E-06 1.145E-06 1.163E-06 1.190E-06 1.208E-06 1.235E-06 1.253E-06 1.280E-06
 1.298E-06
 7.016E-07 7.289E-07 7.493E-07 7.803E-07 8.010E-07 8.318E-07 8.524E-07 8.832E-07
 9.036E-07 9.336E-07 9.534E-07 9.828E-07 1.002E-06 1.030E-06 1.049E-06 1.077E-06
 1.095E-06 1.122E-06 1.139E-06 1.166E-06 1.183E-06 1.209E-06 1.226E-06 1.252E-06
 1.270E-06
 6.865E-07 7.106E-07 7.298E-07 7.593E-07 7.790E-07 8.084E-07 8.280E-07 8.574E-07
 8.767E-07 9.052E-07 9.240E-07 9.520E-07 9.703E-07 9.972E-07 1.015E-06 1.041E-06
 1.058E-06 1.084E-06 1.100E-06 1.125E-06 1.141E-06 1.166E-06 1.182E-06 1.207E-06
 1.223E-06
 6.804E-07 7.028E-07 7.216E-07 7.504E-07 7.697E-07 7.984E-07 8.176E-07 8.463E-07
 8.652E-07 8.931E-07 9.114E-07 9.387E-07 9.566E-07 9.829E-07 1.000E-06 1.026E-06
 1.042E-06 1.067E-06 1.083E-06 1.107E-06 1.124E-06 1.147E-06 1.163E-06 1.187E-06
 1.203E-06
 6.748E-07 6.957E-07 7.140E-07 7.422E-07 7.611E-07 7.893E-07 8.080E-07 8.361E-07
 8.546E-07 8.818E-07 8.998E-07 9.265E-07 9.439E-07 9.696E-07 9.864E-07 1.011E-06
 1.028E-06 1.052E-06 1.068E-06 1.091E-06 1.107E-06 1.130E-06 1.146E-06 1.169E-06
 1.184E-06
 6.696E-07 6.891E-07 7.070E-07 7.346E-07 7.531E-07 7.807E-07 7.991E-07 8.265E-07
 8.447E-07 8.714E-07 8.889E-07 9.150E-07 9.321E-07 9.573E-07 9.737E-07 9.981E-07
 1.014E-06 1.038E-06 1.053E-06 1.076E-06 1.091E-06 1.114E-06 1.129E-06 1.152E-06
 1.167E-06
 6.649E-07 6.830E-07 7.004E-07 7.275E-07 7.456E-07 7.727E-07 7.907E-07 8.176E-07
 8.354E-07 8.615E-07 8.787E-07 9.043E-07 9.211E-07 9.456E-07 9.617E-07 9.856E-07
 1.001E-06 1.024E-06 1.039E-06 1.062E-06 1.077E-06 1.099E-06 1.114E-06 1.136E-06
 1.150E-06
 6.604E-07 6.771E-07 6.942E-07 7.207E-07 7.385E-07 7.651E-07 7.828E-07 8.092E-07
 8.266E-07 8.523E-07 8.691E-07 8.942E-07 9.106E-07 9.347E-07 9.505E-07 9.738E-07
 9.891E-07 1.012E-06 1.026E-06 1.048E-06 1.063E-06 1.085E-06 1.099E-06 1.121E-06
 1.135E-06
 6.261E-07 6.309E-07 6.449E-07 6.675E-07 6.828E-07 7.055E-07 7.206E-07 7.430E-07
 7.578E-07 7.795E-07 7.938E-07 8.149E-07 8.287E-07 8.489E-07 8.621E-07 8.816E-07
 8.943E-07 9.130E-07 9.253E-07 9.434E-07 9.554E-07 9.732E-07 9.849E-07 1.002E-06
 1.014E-06
 6.016E-07 5.968E-07 6.087E-07 6.287E-07 6.423E-07 6.625E-07 6.759E-07 6.957E-07
 7.087E-07 7.278E-07 7.403E-07 7.588E-07 7.708E-07 7.884E-07 7.999E-07 8.168E-07
 8.278E-07 8.439E-07 8.545E-07 8.700E-07 8.803E-07 8.955E-07 9.055E-07 9.204E-07
 9.303E-07
 5.650E-07 5.453E-07 5.545E-07 5.713E-07 5.829E-07 6.001E-07 6.114E-07 6.279E-07
 6.387E-07 6.545E-07 6.648E-07 6.799E-07 6.897E-07 7.040E-07 7.133E-07 7.269E-07
 7.358E-07 7.487E-07 7.571E-07 7.695E-07 7.776E-07 7.896E-07 7.974E-07 8.091E-07
 8.168E-07
 5.501E-07 5.244E-07 5.327E-07 5.485E-07 5.595E-07 5.757E-07 5.862E-07 6.017E-07
 6.118E-07 6.265E-07 6.361E-07 6.501E-07 6.592E-07 6.724E-07 6.809E-07 6.934E-07
 7.015E-07 7.134E-07 7.211E-07 7.324E-07 7.398E-07 7.507E-07 7.578E-07 7.684E-07
 7.754E-07
 5.366E-07 5.057E-07 5.132E-07 5.283E-07 5.387E-07 5.541E-07 5.642E-07 5.788E-07
 5.883E-07 6.022E-07 6.111E-07 6.243E-07 6.327E-07 6.451E-07 6.530E-07 6.647E-07
 6.722E-07 6.832E-07 6.903E-07 7.008E-07 7.076E-07 7.177E-07 7.243E-07 7.340E-07
 7.404E-07
 5.242E-07 4.887E-07 4.956E-07 5.100E-07 5.201E-07 5.349E-07 5.445E-07 5.584E-07
 5.675E-07 5.806E-07 5.891E-07 6.015E-07 6.095E-07 6.211E-07 6.286E-07 6.396E-07
 6.466E-07 6.569E-07 6.636E-07 6.733E-07 6.797E-07 6.891E-07 6.952E-07 7.042E-07
 7.102E-07
 5.127E-07 4.731E-07 4.795E-07 4.934E-07 5.031E-07 5.174E-07 5.266E-07 5.401E-07
 5.487E-07 5.612E-07 5.694E-07 5.812E-07 5.888E-07 5.998E-07 6.069E-07 6.172E-07
 6.239E-07 6.336E-07 6.399E-07 6.491E-07 6.551E-07 6.639E-07 6.696E-07 6.781E-07
 6.836E-07
 5.019E-07 4.586E-07 4.646E-07 4.781E-07 4.875E-07 5.014E-07 5.103E-07 5.233E-07
 5.316E-07 5.437E-07 5.514E-07 5.627E-07 5.700E-07 5.805E-07 5.873E-07 5.972E-07
 6.035E-07 6.127E-07 6.187E-07 6.274E-07 6.331E-07 6.414E-07 6.468E-07 6.548E-07
 6.600E-07
 4.191E-07 3.549E-07 3.585E-07 3.696E-07 3.775E-07 3.891E-07 3.964E-07 4.069E-07
 4.135E-07 4.230E-07 4.290E-07 4.377E-07 4.432E-07 4.511E-07 4.562E-07 4.635E-07
 4.681E-07 4.748E-07 4.791E-07 4.853E-07 4.893E-07 4.952E-07 4.989E-07 5.044E-07
 5.080E-07
 3.618E-07 2.909E-07 2.937E-07 3.034E-07 3.104E-07 3.208E-07 3.274E-07 3.366E-07
 3.424E-07 3.507E-07 3.559E-07 3.634E-07 3.682E-07 3.750E-07 3.793E-07 3.855E-07
 3.894E-07 3.951E-07 3.987E-07 4.039E-07 4.072E-07 4.120E-07 4.151E-07 4.196E-07
 4.225E-07
 2.851E-07 2.145E-07 2.164E-07 2.243E-07 2.302E-07 2.388E-07 2.442E-07 2.519E-07
 2.566E-07 2.635E-07 2.678E-07 2.739E-07 2.778E-07 2.833E-07 2.868E-07 2.918E-07
 2.950E-07 2.995E-07 3.024E-07 3.065E-07 3.092E-07 3.130E-07 3.154E-07 3.190E-07
 3.212E-07
 2.579E-07 1.897E-07 1.913E-07 1.986E-07 2.040E-07 2.119E-07 2.170E-07 2.240E-07
 2.284E-07 2.347E-07 2.387E-07 2.443E-07 2.479E-07 2.530E-07 2.562E-07 2.608E-07
 2.637E-07 2.678E-07 2.705E-07 2.743E-07 2.767E-07 2.802E-07 2.824E-07 2.856E-07
 2.877E-07
 2.355E-07 1.701E-07 1.715E-07 1.782E-07 1.832E-07 1.906E-07 1.952E-07 2.017E-07
 2.058E-07 2.117E-07 2.154E-07 2.206E-07 2.239E-07 2.286E-07 2.316E-07 2.358E-07
 2.385E-07 2.424E-07 2.448E-07 2.483E-07 2.506E-07 2.538E-07 2.558E-07 2.588E-07
 2.607E-07
 2.168E-07 1.542E-07 1.555E-07 1.617E-07 1.663E-07 1.732E-07 1.775E-07 1.836E-07
 1.874E-07 1.928E-07 1.963E-07 2.011E-07 2.042E-07 2.086E-07 2.114E-07 2.153E-07
 2.179E-07 2.215E-07 2.237E-07 2.270E-07 2.291E-07 2.321E-07 2.340E-07 2.367E-07
 2.385E-07
 2.008E-07 1.410E-07 1.422E-07 1.480E-07 1.523E-07 1.587E-07 1.627E-07 1.684E-07
 1.720E-07 1.771E-07 1.803E-07 1.849E-07 1.878E-07 1.919E-07 1.945E-07 1.982E-07
 2.005E-07 2.039E-07 2.060E-07 2.091E-07 2.110E-07 2.138E-07 2.156E-07 2.182E-07
 2.199E-07
 1.870E-07 1.299E-07 1.310E-07 1.364E-07 1.404E-07 1.465E-07 1.503E-07 1.556E-07
 1.589E-07 1.637E-07 1.668E-07 1.711E-07 1.738E-07 1.777E-07 1.801E-07 1.836E-07
 1.858E-07 1.890E-07 1.910E-07 1.939E-07 1.957E-07 1.983E-07 2.000E-07 2.024E-07
 2.040E-07
--------------------------------------------------------------------------------
   20 /EREF=3.300E+04 /NREF=5.000E+13
--------------------------------------------------------------------------------
 1.000E+02 2.000E+02 3.000E+02 5.000E+02 6.000E+02 7.000E+02 8.000E+02 8.966E+02
 1.000E+03 2.000E+03 3.000E+03 5.000E+03 6.000E+03 7.000E+03 8.000E+03 8.966E+03
 1.000E+04 2.000E+04 3.000E+04 5.000E+04
--------------------------------------------------------------------------------
 1.538E-06 1.281E-06 1.141E-06 9.816E-07 9.300E-07 8.885E-07 8.541E-07 8.249E-07
 7.997E-07 6.545E-07 5.849E-07 5.103E-07 4.867E-07 4.680E-07 4.526E-07 4.396E-07
 4.285E-07 3.661E-07 3.375E-07 3.100E-07
--------------------------------------------------------------------------------
C
C
C     ADAS FILE TYPE : 	ADF21
C     SOURCE FILE    :  /home/anderson/adas/adf26/bnl99#he/bnl99#he_ne10.dat        
C
C     USER ID	     :  anderson        
C
--------------------------------------------------------------------------------
 
C---------------------------------------------------------------------------------
C ADAS ADF21/bms99#he_fast DATA - SCCS info: @(#)$Header: /u/xshare/Attic/repos/codesys/source/adas/data/adf21/bms99#he_fast/gcrc12/gcrc12#he_ne10.dat,v 1.1 2009-07-30 05:43:14 Marina Gorelenkova Exp $ Date $Date: 2009-07-30 05:43:14 $
C---------------------------------------------------------------------------------
