    7 /GCRC2=1.810E-06 /SPEC=N  /DATE=06/01/99 /CODE=ADAS313
--------------------------------------------------------------------------------
   25   25 /TREF=1.000E+02
--------------------------------------------------------------------------------
 5.000E+01 1.000E+02 2.000E+02 3.000E+02 4.000E+02 5.000E+02 6.000E+02 7.000E+02
 8.000E+02 9.000E+02 1.000E+03 2.000E+03 3.000E+03 4.000E+03 5.000E+03 6.000E+03
 7.000E+03 8.000E+03 9.000E+03 1.000E+04 1.100E+04 1.200E+04 1.300E+04 1.400E+04
 1.500E+04
 1.000E+11 2.000E+11 3.000E+11 4.000E+11 5.000E+11 6.000E+11 7.000E+11 8.000E+11
 9.000E+11 1.000E+12 2.000E+12 3.000E+12 4.000E+12 5.000E+12 6.000E+12 7.000E+12
 8.000E+12 9.000E+12 1.000E+13 2.000E+13 3.000E+13 4.000E+13 5.000E+13 6.000E+13
 7.000E+13
--------------------------------------------------------------------------------
 1.843E-06 1.843E-06 1.844E-06 1.844E-06 1.845E-06 1.846E-06 1.846E-06 1.847E-06
 1.848E-06 1.848E-06 1.849E-06 1.856E-06 1.865E-06 1.876E-06 1.886E-06 1.897E-06
 1.910E-06 1.922E-06 1.935E-06 1.948E-06 1.961E-06 1.974E-06 1.987E-06 2.001E-06
 2.014E-06
 1.840E-06 1.840E-06 1.840E-06 1.841E-06 1.841E-06 1.842E-06 1.842E-06 1.843E-06
 1.844E-06 1.845E-06 1.845E-06 1.849E-06 1.858E-06 1.869E-06 1.877E-06 1.886E-06
 1.899E-06 1.912E-06 1.925E-06 1.938E-06 1.950E-06 1.963E-06 1.977E-06 1.990E-06
 2.003E-06
 1.838E-06 1.838E-06 1.838E-06 1.838E-06 1.839E-06 1.839E-06 1.840E-06 1.841E-06
 1.841E-06 1.842E-06 1.843E-06 1.845E-06 1.853E-06 1.864E-06 1.870E-06 1.878E-06
 1.891E-06 1.904E-06 1.917E-06 1.930E-06 1.942E-06 1.955E-06 1.968E-06 1.982E-06
 1.995E-06
 1.836E-06 1.836E-06 1.836E-06 1.837E-06 1.837E-06 1.838E-06 1.838E-06 1.839E-06
 1.839E-06 1.840E-06 1.841E-06 1.842E-06 1.849E-06 1.860E-06 1.864E-06 1.872E-06
 1.884E-06 1.897E-06 1.910E-06 1.923E-06 1.935E-06 1.948E-06 1.961E-06 1.975E-06
 1.988E-06
 1.834E-06 1.834E-06 1.835E-06 1.835E-06 1.835E-06 1.836E-06 1.837E-06 1.837E-06
 1.838E-06 1.838E-06 1.839E-06 1.839E-06 1.845E-06 1.857E-06 1.860E-06 1.866E-06
 1.879E-06 1.892E-06 1.905E-06 1.917E-06 1.929E-06 1.942E-06 1.955E-06 1.968E-06
 1.982E-06
 1.833E-06 1.833E-06 1.833E-06 1.834E-06 1.834E-06 1.835E-06 1.835E-06 1.836E-06
 1.836E-06 1.837E-06 1.837E-06 1.836E-06 1.842E-06 1.854E-06 1.855E-06 1.861E-06
 1.874E-06 1.886E-06 1.899E-06 1.911E-06 1.923E-06 1.936E-06 1.949E-06 1.963E-06
 1.976E-06
 1.832E-06 1.832E-06 1.832E-06 1.832E-06 1.833E-06 1.833E-06 1.834E-06 1.834E-06
 1.835E-06 1.835E-06 1.836E-06 1.834E-06 1.840E-06 1.851E-06 1.851E-06 1.856E-06
 1.869E-06 1.882E-06 1.895E-06 1.906E-06 1.918E-06 1.931E-06 1.944E-06 1.958E-06
 1.971E-06
 1.831E-06 1.831E-06 1.831E-06 1.831E-06 1.831E-06 1.832E-06 1.832E-06 1.833E-06
 1.834E-06 1.834E-06 1.835E-06 1.832E-06 1.838E-06 1.849E-06 1.848E-06 1.852E-06
 1.865E-06 1.878E-06 1.891E-06 1.902E-06 1.913E-06 1.926E-06 1.940E-06 1.953E-06
 1.966E-06
 1.829E-06 1.829E-06 1.830E-06 1.830E-06 1.830E-06 1.831E-06 1.831E-06 1.832E-06
 1.832E-06 1.833E-06 1.833E-06 1.830E-06 1.836E-06 1.846E-06 1.845E-06 1.848E-06
 1.861E-06 1.874E-06 1.887E-06 1.898E-06 1.909E-06 1.922E-06 1.935E-06 1.948E-06
 1.961E-06
 1.828E-06 1.828E-06 1.828E-06 1.829E-06 1.829E-06 1.830E-06 1.830E-06 1.831E-06
 1.831E-06 1.832E-06 1.832E-06 1.829E-06 1.834E-06 1.844E-06 1.842E-06 1.845E-06
 1.857E-06 1.870E-06 1.883E-06 1.894E-06 1.905E-06 1.918E-06 1.931E-06 1.944E-06
 1.957E-06
 1.819E-06 1.819E-06 1.819E-06 1.820E-06 1.820E-06 1.820E-06 1.821E-06 1.821E-06
 1.822E-06 1.822E-06 1.823E-06 1.816E-06 1.819E-06 1.830E-06 1.819E-06 1.818E-06
 1.830E-06 1.842E-06 1.855E-06 1.863E-06 1.872E-06 1.885E-06 1.898E-06 1.911E-06
 1.923E-06
 1.812E-06 1.812E-06 1.812E-06 1.812E-06 1.813E-06 1.813E-06 1.813E-06 1.814E-06
 1.814E-06 1.815E-06 1.815E-06 1.807E-06 1.810E-06 1.820E-06 1.803E-06 1.800E-06
 1.811E-06 1.823E-06 1.836E-06 1.842E-06 1.849E-06 1.861E-06 1.873E-06 1.886E-06
 1.898E-06
 1.806E-06 1.806E-06 1.806E-06 1.806E-06 1.807E-06 1.807E-06 1.807E-06 1.808E-06
 1.808E-06 1.808E-06 1.809E-06 1.800E-06 1.802E-06 1.812E-06 1.791E-06 1.786E-06
 1.797E-06 1.809E-06 1.821E-06 1.824E-06 1.829E-06 1.841E-06 1.853E-06 1.865E-06
 1.877E-06
 1.801E-06 1.801E-06 1.801E-06 1.801E-06 1.801E-06 1.802E-06 1.802E-06 1.802E-06
 1.803E-06 1.803E-06 1.803E-06 1.794E-06 1.796E-06 1.806E-06 1.781E-06 1.774E-06
 1.785E-06 1.797E-06 1.808E-06 1.809E-06 1.812E-06 1.824E-06 1.836E-06 1.847E-06
 1.859E-06
 1.796E-06 1.796E-06 1.796E-06 1.796E-06 1.796E-06 1.797E-06 1.797E-06 1.797E-06
 1.798E-06 1.798E-06 1.798E-06 1.788E-06 1.791E-06 1.800E-06 1.773E-06 1.765E-06
 1.775E-06 1.786E-06 1.797E-06 1.796E-06 1.797E-06 1.809E-06 1.820E-06 1.831E-06
 1.843E-06
 1.792E-06 1.792E-06 1.792E-06 1.792E-06 1.792E-06 1.792E-06 1.793E-06 1.793E-06
 1.793E-06 1.794E-06 1.794E-06 1.784E-06 1.786E-06 1.796E-06 1.765E-06 1.756E-06
 1.766E-06 1.777E-06 1.788E-06 1.784E-06 1.783E-06 1.794E-06 1.806E-06 1.817E-06
 1.828E-06
 1.788E-06 1.788E-06 1.788E-06 1.788E-06 1.788E-06 1.788E-06 1.788E-06 1.789E-06
 1.789E-06 1.789E-06 1.790E-06 1.780E-06 1.782E-06 1.791E-06 1.758E-06 1.749E-06
 1.759E-06 1.769E-06 1.779E-06 1.773E-06 1.771E-06 1.781E-06 1.792E-06 1.803E-06
 1.814E-06
 1.784E-06 1.784E-06 1.784E-06 1.784E-06 1.784E-06 1.784E-06 1.785E-06 1.785E-06
 1.785E-06 1.786E-06 1.786E-06 1.776E-06 1.778E-06 1.787E-06 1.752E-06 1.742E-06
 1.751E-06 1.762E-06 1.772E-06 1.763E-06 1.759E-06 1.769E-06 1.780E-06 1.791E-06
 1.801E-06
 1.780E-06 1.780E-06 1.780E-06 1.780E-06 1.780E-06 1.781E-06 1.781E-06 1.781E-06
 1.781E-06 1.782E-06 1.782E-06 1.772E-06 1.774E-06 1.783E-06 1.746E-06 1.736E-06
 1.745E-06 1.755E-06 1.765E-06 1.754E-06 1.748E-06 1.758E-06 1.768E-06 1.779E-06
 1.789E-06
 1.751E-06 1.751E-06 1.751E-06 1.751E-06 1.751E-06 1.751E-06 1.751E-06 1.752E-06
 1.752E-06 1.752E-06 1.752E-06 1.743E-06 1.745E-06 1.752E-06 1.704E-06 1.690E-06
 1.697E-06 1.705E-06 1.713E-06 1.680E-06 1.658E-06 1.666E-06 1.674E-06 1.683E-06
 1.691E-06
 1.728E-06 1.727E-06 1.727E-06 1.728E-06 1.728E-06 1.728E-06 1.728E-06 1.728E-06
 1.728E-06 1.729E-06 1.729E-06 1.719E-06 1.721E-06 1.727E-06 1.674E-06 1.660E-06
 1.665E-06 1.672E-06 1.678E-06 1.626E-06 1.589E-06 1.596E-06 1.603E-06 1.610E-06
 1.617E-06
 1.707E-06 1.707E-06 1.707E-06 1.707E-06 1.707E-06 1.707E-06 1.708E-06 1.708E-06
 1.708E-06 1.708E-06 1.708E-06 1.699E-06 1.700E-06 1.706E-06 1.650E-06 1.636E-06
 1.640E-06 1.646E-06 1.651E-06 1.580E-06 1.530E-06 1.536E-06 1.543E-06 1.549E-06
 1.556E-06
 1.689E-06 1.689E-06 1.689E-06 1.689E-06 1.689E-06 1.689E-06 1.689E-06 1.689E-06
 1.689E-06 1.689E-06 1.690E-06 1.681E-06 1.682E-06 1.686E-06 1.629E-06 1.615E-06
 1.619E-06 1.624E-06 1.628E-06 1.540E-06 1.479E-06 1.484E-06 1.490E-06 1.496E-06
 1.502E-06
 1.672E-06 1.672E-06 1.672E-06 1.672E-06 1.672E-06 1.672E-06 1.672E-06 1.672E-06
 1.672E-06 1.672E-06 1.672E-06 1.663E-06 1.664E-06 1.668E-06 1.610E-06 1.597E-06
 1.601E-06 1.605E-06 1.608E-06 1.504E-06 1.433E-06 1.438E-06 1.443E-06 1.448E-06
 1.454E-06
 1.655E-06 1.655E-06 1.655E-06 1.655E-06 1.655E-06 1.655E-06 1.656E-06 1.656E-06
 1.656E-06 1.656E-06 1.656E-06 1.647E-06 1.647E-06 1.651E-06 1.593E-06 1.580E-06
 1.584E-06 1.587E-06 1.590E-06 1.471E-06 1.390E-06 1.395E-06 1.400E-06 1.404E-06
 1.410E-06
--------------------------------------------------------------------------------
   20 /EREF=3.000E+03 /NREF=3.000E+12
--------------------------------------------------------------------------------
 1.000E+01 2.000E+01 3.000E+01 4.000E+01 5.000E+01 6.000E+01 7.000E+01 8.000E+01
 8.966E+01 1.000E+02 2.000E+02 3.000E+02 4.000E+02 5.000E+02 6.000E+02 7.000E+02
 8.000E+02 8.966E+02 1.000E+03 2.000E+03
--------------------------------------------------------------------------------
 2.463E-06 2.434E-06 2.334E-06 2.234E-06 2.142E-06 2.059E-06 1.986E-06 1.920E-06
 1.862E-06 1.810E-06 1.476E-06 1.295E-06 1.176E-06 1.089E-06 1.023E-06 9.695E-07
 9.252E-07 8.877E-07 8.552E-07 6.683E-07
--------------------------------------------------------------------------------
C
C
C     ADAS FILE TYPE : 	ADF21
C     SOURCE FILE    :  /home/anderson/adas/adf26/bnl99#he/bnl99#he_n7.dat          
C
C     USER ID	     :  anderson        
C
--------------------------------------------------------------------------------
 
C---------------------------------------------------------------------------------
C ADAS ADF21/bms99#he_slow DATA - SCCS info: @(#)$Header: /u/xshare/Attic/repos/codesys/source/adas/data/adf21/bms99#he_slow/gcrc12/gcrc12#he_n7.dat,v 1.1 2009-07-30 05:40:18 Marina Gorelenkova Exp $ Date $Date: 2009-07-30 05:40:18 $
C---------------------------------------------------------------------------------
