   10 /GCRC2=1.801E-06 /SPEC=NE /DATE=06/01/99 /CODE=ADAS313
--------------------------------------------------------------------------------
   25   25 /TREF=1.000E+02
--------------------------------------------------------------------------------
 5.000E+01 1.000E+02 2.000E+02 3.000E+02 4.000E+02 5.000E+02 6.000E+02 7.000E+02
 8.000E+02 9.000E+02 1.000E+03 2.000E+03 3.000E+03 4.000E+03 5.000E+03 6.000E+03
 7.000E+03 8.000E+03 9.000E+03 1.000E+04 1.100E+04 1.200E+04 1.300E+04 1.400E+04
 1.500E+04
 1.000E+11 2.000E+11 3.000E+11 4.000E+11 5.000E+11 6.000E+11 7.000E+11 8.000E+11
 9.000E+11 1.000E+12 2.000E+12 3.000E+12 4.000E+12 5.000E+12 6.000E+12 7.000E+12
 8.000E+12 9.000E+12 1.000E+13 2.000E+13 3.000E+13 4.000E+13 5.000E+13 6.000E+13
 7.000E+13
--------------------------------------------------------------------------------
 1.842E-06 1.842E-06 1.842E-06 1.843E-06 1.843E-06 1.844E-06 1.844E-06 1.845E-06
 1.845E-06 1.846E-06 1.846E-06 1.850E-06 1.856E-06 1.865E-06 1.872E-06 1.879E-06
 1.889E-06 1.900E-06 1.910E-06 1.921E-06 1.931E-06 1.942E-06 1.953E-06 1.964E-06
 1.975E-06
 1.839E-06 1.839E-06 1.839E-06 1.839E-06 1.840E-06 1.840E-06 1.841E-06 1.841E-06
 1.842E-06 1.842E-06 1.843E-06 1.843E-06 1.848E-06 1.857E-06 1.861E-06 1.867E-06
 1.878E-06 1.888E-06 1.899E-06 1.909E-06 1.919E-06 1.930E-06 1.941E-06 1.952E-06
 1.963E-06
 1.837E-06 1.837E-06 1.837E-06 1.837E-06 1.838E-06 1.838E-06 1.838E-06 1.839E-06
 1.839E-06 1.840E-06 1.840E-06 1.839E-06 1.843E-06 1.852E-06 1.854E-06 1.858E-06
 1.869E-06 1.879E-06 1.890E-06 1.900E-06 1.910E-06 1.921E-06 1.931E-06 1.943E-06
 1.954E-06
 1.835E-06 1.835E-06 1.835E-06 1.835E-06 1.836E-06 1.836E-06 1.837E-06 1.837E-06
 1.837E-06 1.838E-06 1.838E-06 1.835E-06 1.839E-06 1.848E-06 1.847E-06 1.851E-06
 1.861E-06 1.872E-06 1.882E-06 1.892E-06 1.902E-06 1.913E-06 1.924E-06 1.935E-06
 1.946E-06
 1.834E-06 1.834E-06 1.834E-06 1.834E-06 1.834E-06 1.835E-06 1.835E-06 1.835E-06
 1.836E-06 1.836E-06 1.837E-06 1.833E-06 1.836E-06 1.845E-06 1.842E-06 1.845E-06
 1.855E-06 1.865E-06 1.876E-06 1.885E-06 1.895E-06 1.906E-06 1.917E-06 1.928E-06
 1.939E-06
 1.832E-06 1.832E-06 1.832E-06 1.833E-06 1.833E-06 1.833E-06 1.834E-06 1.834E-06
 1.834E-06 1.835E-06 1.835E-06 1.830E-06 1.833E-06 1.842E-06 1.837E-06 1.839E-06
 1.849E-06 1.860E-06 1.871E-06 1.879E-06 1.889E-06 1.900E-06 1.910E-06 1.922E-06
 1.933E-06
 1.831E-06 1.831E-06 1.831E-06 1.831E-06 1.832E-06 1.832E-06 1.832E-06 1.833E-06
 1.833E-06 1.834E-06 1.834E-06 1.828E-06 1.831E-06 1.839E-06 1.833E-06 1.834E-06
 1.844E-06 1.855E-06 1.865E-06 1.874E-06 1.883E-06 1.894E-06 1.905E-06 1.916E-06
 1.927E-06
 1.830E-06 1.830E-06 1.830E-06 1.830E-06 1.830E-06 1.831E-06 1.831E-06 1.831E-06
 1.832E-06 1.832E-06 1.833E-06 1.826E-06 1.828E-06 1.837E-06 1.829E-06 1.829E-06
 1.840E-06 1.850E-06 1.861E-06 1.869E-06 1.878E-06 1.889E-06 1.900E-06 1.911E-06
 1.922E-06
 1.829E-06 1.829E-06 1.829E-06 1.829E-06 1.829E-06 1.830E-06 1.830E-06 1.830E-06
 1.831E-06 1.831E-06 1.832E-06 1.824E-06 1.826E-06 1.835E-06 1.826E-06 1.825E-06
 1.835E-06 1.846E-06 1.857E-06 1.864E-06 1.873E-06 1.884E-06 1.895E-06 1.906E-06
 1.917E-06
 1.828E-06 1.828E-06 1.828E-06 1.828E-06 1.828E-06 1.829E-06 1.829E-06 1.829E-06
 1.830E-06 1.830E-06 1.830E-06 1.822E-06 1.824E-06 1.833E-06 1.822E-06 1.821E-06
 1.831E-06 1.842E-06 1.853E-06 1.860E-06 1.868E-06 1.879E-06 1.890E-06 1.901E-06
 1.912E-06
 1.819E-06 1.819E-06 1.819E-06 1.819E-06 1.819E-06 1.819E-06 1.820E-06 1.820E-06
 1.820E-06 1.821E-06 1.821E-06 1.809E-06 1.810E-06 1.818E-06 1.798E-06 1.793E-06
 1.803E-06 1.813E-06 1.823E-06 1.827E-06 1.833E-06 1.844E-06 1.854E-06 1.865E-06
 1.875E-06
 1.812E-06 1.812E-06 1.812E-06 1.812E-06 1.812E-06 1.812E-06 1.813E-06 1.813E-06
 1.813E-06 1.813E-06 1.814E-06 1.800E-06 1.801E-06 1.809E-06 1.782E-06 1.775E-06
 1.784E-06 1.794E-06 1.804E-06 1.804E-06 1.807E-06 1.818E-06 1.828E-06 1.838E-06
 1.849E-06
 1.806E-06 1.806E-06 1.806E-06 1.806E-06 1.806E-06 1.806E-06 1.806E-06 1.807E-06
 1.807E-06 1.807E-06 1.808E-06 1.793E-06 1.794E-06 1.802E-06 1.769E-06 1.761E-06
 1.770E-06 1.779E-06 1.789E-06 1.786E-06 1.786E-06 1.796E-06 1.806E-06 1.816E-06
 1.826E-06
 1.800E-06 1.800E-06 1.800E-06 1.801E-06 1.801E-06 1.801E-06 1.801E-06 1.801E-06
 1.802E-06 1.802E-06 1.802E-06 1.788E-06 1.788E-06 1.796E-06 1.759E-06 1.749E-06
 1.758E-06 1.767E-06 1.777E-06 1.770E-06 1.768E-06 1.778E-06 1.788E-06 1.797E-06
 1.807E-06
 1.796E-06 1.796E-06 1.796E-06 1.796E-06 1.796E-06 1.796E-06 1.796E-06 1.796E-06
 1.797E-06 1.797E-06 1.797E-06 1.783E-06 1.783E-06 1.791E-06 1.751E-06 1.740E-06
 1.748E-06 1.757E-06 1.766E-06 1.757E-06 1.752E-06 1.761E-06 1.771E-06 1.780E-06
 1.790E-06
 1.791E-06 1.791E-06 1.791E-06 1.791E-06 1.791E-06 1.792E-06 1.792E-06 1.792E-06
 1.792E-06 1.793E-06 1.793E-06 1.778E-06 1.779E-06 1.786E-06 1.743E-06 1.732E-06
 1.740E-06 1.748E-06 1.757E-06 1.744E-06 1.737E-06 1.746E-06 1.755E-06 1.765E-06
 1.774E-06
 1.787E-06 1.787E-06 1.787E-06 1.787E-06 1.787E-06 1.788E-06 1.788E-06 1.788E-06
 1.788E-06 1.788E-06 1.789E-06 1.774E-06 1.775E-06 1.782E-06 1.737E-06 1.725E-06
 1.732E-06 1.741E-06 1.749E-06 1.733E-06 1.723E-06 1.732E-06 1.741E-06 1.750E-06
 1.759E-06
 1.783E-06 1.783E-06 1.783E-06 1.783E-06 1.784E-06 1.784E-06 1.784E-06 1.784E-06
 1.784E-06 1.785E-06 1.785E-06 1.770E-06 1.771E-06 1.778E-06 1.731E-06 1.718E-06
 1.725E-06 1.734E-06 1.742E-06 1.723E-06 1.711E-06 1.719E-06 1.728E-06 1.737E-06
 1.745E-06
 1.780E-06 1.780E-06 1.780E-06 1.780E-06 1.780E-06 1.780E-06 1.780E-06 1.780E-06
 1.781E-06 1.781E-06 1.781E-06 1.767E-06 1.767E-06 1.774E-06 1.725E-06 1.712E-06
 1.719E-06 1.727E-06 1.735E-06 1.713E-06 1.698E-06 1.707E-06 1.715E-06 1.724E-06
 1.732E-06
 1.750E-06 1.750E-06 1.750E-06 1.750E-06 1.751E-06 1.751E-06 1.751E-06 1.751E-06
 1.751E-06 1.751E-06 1.752E-06 1.738E-06 1.739E-06 1.745E-06 1.684E-06 1.670E-06
 1.675E-06 1.681E-06 1.687E-06 1.635E-06 1.600E-06 1.607E-06 1.613E-06 1.620E-06
 1.627E-06
 1.727E-06 1.727E-06 1.727E-06 1.727E-06 1.727E-06 1.727E-06 1.728E-06 1.728E-06
 1.728E-06 1.728E-06 1.728E-06 1.715E-06 1.716E-06 1.721E-06 1.656E-06 1.642E-06
 1.646E-06 1.651E-06 1.656E-06 1.577E-06 1.523E-06 1.529E-06 1.535E-06 1.541E-06
 1.547E-06
 1.707E-06 1.707E-06 1.707E-06 1.707E-06 1.707E-06 1.707E-06 1.707E-06 1.707E-06
 1.707E-06 1.708E-06 1.708E-06 1.695E-06 1.696E-06 1.700E-06 1.633E-06 1.620E-06
 1.624E-06 1.628E-06 1.632E-06 1.527E-06 1.458E-06 1.463E-06 1.468E-06 1.473E-06
 1.479E-06
 1.689E-06 1.689E-06 1.689E-06 1.689E-06 1.689E-06 1.689E-06 1.689E-06 1.689E-06
 1.689E-06 1.689E-06 1.689E-06 1.677E-06 1.678E-06 1.681E-06 1.614E-06 1.602E-06
 1.604E-06 1.608E-06 1.611E-06 1.484E-06 1.400E-06 1.405E-06 1.410E-06 1.414E-06
 1.420E-06
 1.671E-06 1.671E-06 1.671E-06 1.671E-06 1.671E-06 1.671E-06 1.672E-06 1.672E-06
 1.672E-06 1.672E-06 1.672E-06 1.660E-06 1.660E-06 1.664E-06 1.596E-06 1.585E-06
 1.587E-06 1.590E-06 1.593E-06 1.444E-06 1.348E-06 1.353E-06 1.357E-06 1.361E-06
 1.366E-06
 1.655E-06 1.655E-06 1.655E-06 1.655E-06 1.655E-06 1.655E-06 1.655E-06 1.655E-06
 1.655E-06 1.655E-06 1.656E-06 1.644E-06 1.644E-06 1.647E-06 1.580E-06 1.569E-06
 1.571E-06 1.574E-06 1.576E-06 1.407E-06 1.301E-06 1.305E-06 1.309E-06 1.313E-06
 1.318E-06
--------------------------------------------------------------------------------
   20 /EREF=3.000E+03 /NREF=3.000E+12
--------------------------------------------------------------------------------
 1.000E+01 2.000E+01 3.000E+01 4.000E+01 5.000E+01 6.000E+01 7.000E+01 8.000E+01
 8.966E+01 1.000E+02 2.000E+02 3.000E+02 4.000E+02 5.000E+02 6.000E+02 7.000E+02
 8.000E+02 8.966E+02 1.000E+03 2.000E+03
--------------------------------------------------------------------------------
 2.455E-06 2.425E-06 2.326E-06 2.225E-06 2.133E-06 2.050E-06 1.977E-06 1.911E-06
 1.853E-06 1.801E-06 1.467E-06 1.286E-06 1.168E-06 1.081E-06 1.015E-06 9.614E-07
 9.171E-07 8.796E-07 8.472E-07 6.603E-07
--------------------------------------------------------------------------------
C
C
C     ADAS FILE TYPE : 	ADF21
C     SOURCE FILE    :  /home/anderson/adas/adf26/bnl99#he/bnl99#he_ne10.dat        
C
C     USER ID	     :  anderson        
C
--------------------------------------------------------------------------------
 
C---------------------------------------------------------------------------------
C ADAS ADF21/bms99#he_slow DATA - SCCS info: @(#)$Header: /u/xshare/Attic/repos/codesys/source/adas/data/adf21/bms99#he_slow/gcrc12/gcrc12#he_ne10.dat,v 1.1 2009-07-30 05:40:18 Marina Gorelenkova Exp $ Date $Date: 2009-07-30 05:40:18 $
C---------------------------------------------------------------------------------
