    8 /GCRC2=1.806E-06 /SPEC=O  /DATE=06/01/99 /CODE=ADAS313
--------------------------------------------------------------------------------
   25   25 /TREF=1.000E+02
--------------------------------------------------------------------------------
 5.000E+01 1.000E+02 2.000E+02 3.000E+02 4.000E+02 5.000E+02 6.000E+02 7.000E+02
 8.000E+02 9.000E+02 1.000E+03 2.000E+03 3.000E+03 4.000E+03 5.000E+03 6.000E+03
 7.000E+03 8.000E+03 9.000E+03 1.000E+04 1.100E+04 1.200E+04 1.300E+04 1.400E+04
 1.500E+04
 1.000E+11 2.000E+11 3.000E+11 4.000E+11 5.000E+11 6.000E+11 7.000E+11 8.000E+11
 9.000E+11 1.000E+12 2.000E+12 3.000E+12 4.000E+12 5.000E+12 6.000E+12 7.000E+12
 8.000E+12 9.000E+12 1.000E+13 2.000E+13 3.000E+13 4.000E+13 5.000E+13 6.000E+13
 7.000E+13
--------------------------------------------------------------------------------
 1.843E-06 1.843E-06 1.843E-06 1.844E-06 1.844E-06 1.845E-06 1.845E-06 1.846E-06
 1.847E-06 1.847E-06 1.848E-06 1.853E-06 1.861E-06 1.872E-06 1.880E-06 1.890E-06
 1.902E-06 1.914E-06 1.926E-06 1.937E-06 1.949E-06 1.962E-06 1.974E-06 1.986E-06
 1.999E-06
 1.840E-06 1.840E-06 1.840E-06 1.840E-06 1.841E-06 1.841E-06 1.842E-06 1.842E-06
 1.843E-06 1.844E-06 1.844E-06 1.847E-06 1.854E-06 1.864E-06 1.871E-06 1.879E-06
 1.891E-06 1.903E-06 1.915E-06 1.926E-06 1.938E-06 1.950E-06 1.963E-06 1.975E-06
 1.988E-06
 1.837E-06 1.837E-06 1.838E-06 1.838E-06 1.838E-06 1.839E-06 1.839E-06 1.840E-06
 1.840E-06 1.841E-06 1.842E-06 1.843E-06 1.849E-06 1.859E-06 1.864E-06 1.871E-06
 1.882E-06 1.894E-06 1.906E-06 1.918E-06 1.929E-06 1.942E-06 1.954E-06 1.967E-06
 1.979E-06
 1.836E-06 1.836E-06 1.836E-06 1.836E-06 1.837E-06 1.837E-06 1.838E-06 1.838E-06
 1.839E-06 1.839E-06 1.840E-06 1.839E-06 1.845E-06 1.855E-06 1.858E-06 1.864E-06
 1.875E-06 1.887E-06 1.900E-06 1.911E-06 1.922E-06 1.934E-06 1.947E-06 1.959E-06
 1.972E-06
 1.834E-06 1.834E-06 1.834E-06 1.835E-06 1.835E-06 1.835E-06 1.836E-06 1.836E-06
 1.837E-06 1.838E-06 1.838E-06 1.836E-06 1.842E-06 1.852E-06 1.853E-06 1.858E-06
 1.869E-06 1.881E-06 1.894E-06 1.905E-06 1.916E-06 1.928E-06 1.940E-06 1.953E-06
 1.965E-06
 1.833E-06 1.833E-06 1.833E-06 1.833E-06 1.834E-06 1.834E-06 1.834E-06 1.835E-06
 1.835E-06 1.836E-06 1.837E-06 1.834E-06 1.839E-06 1.849E-06 1.848E-06 1.852E-06
 1.864E-06 1.876E-06 1.888E-06 1.899E-06 1.910E-06 1.922E-06 1.934E-06 1.947E-06
 1.959E-06
 1.831E-06 1.831E-06 1.832E-06 1.832E-06 1.832E-06 1.833E-06 1.833E-06 1.834E-06
 1.834E-06 1.835E-06 1.835E-06 1.832E-06 1.836E-06 1.846E-06 1.844E-06 1.848E-06
 1.859E-06 1.871E-06 1.883E-06 1.894E-06 1.905E-06 1.917E-06 1.929E-06 1.942E-06
 1.954E-06
 1.830E-06 1.830E-06 1.830E-06 1.831E-06 1.831E-06 1.831E-06 1.832E-06 1.832E-06
 1.833E-06 1.833E-06 1.834E-06 1.830E-06 1.834E-06 1.844E-06 1.841E-06 1.843E-06
 1.855E-06 1.867E-06 1.879E-06 1.889E-06 1.900E-06 1.912E-06 1.924E-06 1.937E-06
 1.949E-06
 1.829E-06 1.829E-06 1.829E-06 1.830E-06 1.830E-06 1.830E-06 1.831E-06 1.831E-06
 1.832E-06 1.832E-06 1.833E-06 1.828E-06 1.832E-06 1.842E-06 1.837E-06 1.839E-06
 1.851E-06 1.863E-06 1.875E-06 1.885E-06 1.895E-06 1.907E-06 1.920E-06 1.932E-06
 1.944E-06
 1.828E-06 1.828E-06 1.828E-06 1.828E-06 1.829E-06 1.829E-06 1.830E-06 1.830E-06
 1.830E-06 1.831E-06 1.832E-06 1.826E-06 1.830E-06 1.840E-06 1.834E-06 1.836E-06
 1.847E-06 1.859E-06 1.871E-06 1.881E-06 1.891E-06 1.903E-06 1.915E-06 1.928E-06
 1.940E-06
 1.819E-06 1.819E-06 1.819E-06 1.819E-06 1.820E-06 1.820E-06 1.820E-06 1.821E-06
 1.821E-06 1.822E-06 1.822E-06 1.813E-06 1.816E-06 1.825E-06 1.811E-06 1.808E-06
 1.819E-06 1.831E-06 1.843E-06 1.850E-06 1.857E-06 1.869E-06 1.881E-06 1.893E-06
 1.905E-06
 1.812E-06 1.812E-06 1.812E-06 1.812E-06 1.812E-06 1.813E-06 1.813E-06 1.813E-06
 1.814E-06 1.814E-06 1.815E-06 1.804E-06 1.806E-06 1.816E-06 1.795E-06 1.790E-06
 1.801E-06 1.812E-06 1.823E-06 1.827E-06 1.833E-06 1.844E-06 1.856E-06 1.868E-06
 1.879E-06
 1.806E-06 1.806E-06 1.806E-06 1.806E-06 1.806E-06 1.807E-06 1.807E-06 1.807E-06
 1.808E-06 1.808E-06 1.808E-06 1.797E-06 1.799E-06 1.808E-06 1.783E-06 1.776E-06
 1.786E-06 1.797E-06 1.808E-06 1.810E-06 1.813E-06 1.824E-06 1.835E-06 1.847E-06
 1.858E-06
 1.801E-06 1.801E-06 1.801E-06 1.801E-06 1.801E-06 1.801E-06 1.802E-06 1.802E-06
 1.802E-06 1.802E-06 1.803E-06 1.791E-06 1.793E-06 1.802E-06 1.773E-06 1.765E-06
 1.775E-06 1.785E-06 1.796E-06 1.794E-06 1.796E-06 1.807E-06 1.817E-06 1.828E-06
 1.839E-06
 1.796E-06 1.796E-06 1.796E-06 1.796E-06 1.796E-06 1.796E-06 1.797E-06 1.797E-06
 1.797E-06 1.798E-06 1.798E-06 1.786E-06 1.788E-06 1.796E-06 1.764E-06 1.755E-06
 1.765E-06 1.775E-06 1.785E-06 1.781E-06 1.780E-06 1.791E-06 1.801E-06 1.812E-06
 1.823E-06
 1.792E-06 1.791E-06 1.792E-06 1.792E-06 1.792E-06 1.792E-06 1.792E-06 1.793E-06
 1.793E-06 1.793E-06 1.793E-06 1.782E-06 1.783E-06 1.792E-06 1.757E-06 1.747E-06
 1.756E-06 1.766E-06 1.776E-06 1.769E-06 1.766E-06 1.776E-06 1.787E-06 1.797E-06
 1.808E-06
 1.787E-06 1.787E-06 1.787E-06 1.788E-06 1.788E-06 1.788E-06 1.788E-06 1.788E-06
 1.789E-06 1.789E-06 1.789E-06 1.777E-06 1.779E-06 1.787E-06 1.750E-06 1.739E-06
 1.748E-06 1.758E-06 1.768E-06 1.758E-06 1.753E-06 1.763E-06 1.773E-06 1.783E-06
 1.793E-06
 1.784E-06 1.784E-06 1.784E-06 1.784E-06 1.784E-06 1.784E-06 1.784E-06 1.785E-06
 1.785E-06 1.785E-06 1.785E-06 1.773E-06 1.775E-06 1.783E-06 1.744E-06 1.733E-06
 1.741E-06 1.751E-06 1.760E-06 1.748E-06 1.741E-06 1.751E-06 1.760E-06 1.770E-06
 1.780E-06
 1.780E-06 1.780E-06 1.780E-06 1.780E-06 1.780E-06 1.780E-06 1.781E-06 1.781E-06
 1.781E-06 1.781E-06 1.782E-06 1.770E-06 1.772E-06 1.779E-06 1.738E-06 1.726E-06
 1.735E-06 1.744E-06 1.753E-06 1.738E-06 1.729E-06 1.739E-06 1.748E-06 1.758E-06
 1.768E-06
 1.751E-06 1.751E-06 1.751E-06 1.751E-06 1.751E-06 1.751E-06 1.751E-06 1.751E-06
 1.752E-06 1.752E-06 1.752E-06 1.741E-06 1.742E-06 1.749E-06 1.696E-06 1.682E-06
 1.689E-06 1.696E-06 1.703E-06 1.664E-06 1.636E-06 1.644E-06 1.652E-06 1.660E-06
 1.668E-06
 1.727E-06 1.727E-06 1.727E-06 1.727E-06 1.728E-06 1.728E-06 1.728E-06 1.728E-06
 1.728E-06 1.728E-06 1.729E-06 1.718E-06 1.719E-06 1.725E-06 1.667E-06 1.653E-06
 1.658E-06 1.664E-06 1.669E-06 1.608E-06 1.565E-06 1.571E-06 1.578E-06 1.585E-06
 1.592E-06
 1.707E-06 1.707E-06 1.707E-06 1.707E-06 1.707E-06 1.707E-06 1.707E-06 1.708E-06
 1.708E-06 1.708E-06 1.708E-06 1.698E-06 1.699E-06 1.704E-06 1.643E-06 1.629E-06
 1.634E-06 1.639E-06 1.643E-06 1.561E-06 1.504E-06 1.510E-06 1.516E-06 1.522E-06
 1.528E-06
 1.689E-06 1.689E-06 1.689E-06 1.689E-06 1.689E-06 1.689E-06 1.689E-06 1.689E-06
 1.689E-06 1.689E-06 1.689E-06 1.679E-06 1.680E-06 1.684E-06 1.623E-06 1.610E-06
 1.613E-06 1.618E-06 1.621E-06 1.520E-06 1.451E-06 1.456E-06 1.461E-06 1.467E-06
 1.472E-06
 1.672E-06 1.672E-06 1.672E-06 1.672E-06 1.672E-06 1.672E-06 1.672E-06 1.672E-06
 1.672E-06 1.672E-06 1.672E-06 1.662E-06 1.662E-06 1.666E-06 1.605E-06 1.592E-06
 1.595E-06 1.599E-06 1.602E-06 1.483E-06 1.402E-06 1.407E-06 1.412E-06 1.417E-06
 1.422E-06
 1.655E-06 1.655E-06 1.655E-06 1.655E-06 1.655E-06 1.655E-06 1.655E-06 1.655E-06
 1.656E-06 1.656E-06 1.656E-06 1.646E-06 1.646E-06 1.650E-06 1.588E-06 1.576E-06
 1.579E-06 1.582E-06 1.584E-06 1.448E-06 1.358E-06 1.363E-06 1.367E-06 1.372E-06
 1.377E-06
--------------------------------------------------------------------------------
   20 /EREF=3.000E+03 /NREF=3.000E+12
--------------------------------------------------------------------------------
 1.000E+01 2.000E+01 3.000E+01 4.000E+01 5.000E+01 6.000E+01 7.000E+01 8.000E+01
 8.966E+01 1.000E+02 2.000E+02 3.000E+02 4.000E+02 5.000E+02 6.000E+02 7.000E+02
 8.000E+02 8.966E+02 1.000E+03 2.000E+03
--------------------------------------------------------------------------------
 2.460E-06 2.430E-06 2.331E-06 2.231E-06 2.139E-06 2.056E-06 1.982E-06 1.917E-06
 1.859E-06 1.806E-06 1.472E-06 1.291E-06 1.172E-06 1.086E-06 1.020E-06 9.663E-07
 9.220E-07 8.844E-07 8.521E-07 6.652E-07
--------------------------------------------------------------------------------
C
C
C     ADAS FILE TYPE : 	ADF21
C     SOURCE FILE    :  /home/anderson/adas/adf26/bnl99#he/bnl99#he_o8.dat          
C
C     USER ID	     :  anderson        
C
--------------------------------------------------------------------------------
 
C---------------------------------------------------------------------------------
C ADAS ADF21/bms99#he_slow DATA - SCCS info: @(#)$Header: /u/xshare/Attic/repos/codesys/source/adas/data/adf21/bms99#he_slow/gcrc12/gcrc12#he_o8.dat,v 1.1 2009-07-30 05:40:18 Marina Gorelenkova Exp $ Date $Date: 2009-07-30 05:40:18 $
C---------------------------------------------------------------------------------
