    5 /GCRC2=1.820E-06 /SPEC=B  /DATE=06/01/99 /CODE=ADAS313
--------------------------------------------------------------------------------
   25   25 /TREF=1.000E+02
--------------------------------------------------------------------------------
 5.000E+01 1.000E+02 2.000E+02 3.000E+02 4.000E+02 5.000E+02 6.000E+02 7.000E+02
 8.000E+02 9.000E+02 1.000E+03 2.000E+03 3.000E+03 4.000E+03 5.000E+03 6.000E+03
 7.000E+03 8.000E+03 9.000E+03 1.000E+04 1.100E+04 1.200E+04 1.300E+04 1.400E+04
 1.500E+04
 1.000E+11 2.000E+11 3.000E+11 4.000E+11 5.000E+11 6.000E+11 7.000E+11 8.000E+11
 9.000E+11 1.000E+12 2.000E+12 3.000E+12 4.000E+12 5.000E+12 6.000E+12 7.000E+12
 8.000E+12 9.000E+12 1.000E+13 2.000E+13 3.000E+13 4.000E+13 5.000E+13 6.000E+13
 7.000E+13
--------------------------------------------------------------------------------
 1.844E-06 1.845E-06 1.845E-06 1.846E-06 1.847E-06 1.848E-06 1.849E-06 1.850E-06
 1.851E-06 1.852E-06 1.853E-06 1.862E-06 1.874E-06 1.889E-06 1.902E-06 1.916E-06
 1.931E-06 1.947E-06 1.962E-06 1.978E-06 1.993E-06 2.009E-06 2.024E-06 2.040E-06
 2.055E-06
 1.841E-06 1.841E-06 1.842E-06 1.842E-06 1.843E-06 1.844E-06 1.845E-06 1.846E-06
 1.846E-06 1.847E-06 1.848E-06 1.856E-06 1.867E-06 1.882E-06 1.893E-06 1.906E-06
 1.922E-06 1.937E-06 1.953E-06 1.968E-06 1.983E-06 1.999E-06 2.014E-06 2.030E-06
 2.046E-06
 1.839E-06 1.839E-06 1.839E-06 1.840E-06 1.841E-06 1.841E-06 1.842E-06 1.843E-06
 1.844E-06 1.845E-06 1.846E-06 1.852E-06 1.863E-06 1.877E-06 1.887E-06 1.899E-06
 1.915E-06 1.930E-06 1.946E-06 1.961E-06 1.976E-06 1.991E-06 2.007E-06 2.022E-06
 2.038E-06
 1.837E-06 1.837E-06 1.837E-06 1.838E-06 1.839E-06 1.839E-06 1.840E-06 1.841E-06
 1.842E-06 1.843E-06 1.843E-06 1.849E-06 1.859E-06 1.873E-06 1.882E-06 1.893E-06
 1.909E-06 1.924E-06 1.940E-06 1.955E-06 1.970E-06 1.985E-06 2.000E-06 2.016E-06
 2.031E-06
 1.835E-06 1.835E-06 1.836E-06 1.836E-06 1.837E-06 1.838E-06 1.838E-06 1.839E-06
 1.840E-06 1.841E-06 1.842E-06 1.846E-06 1.856E-06 1.869E-06 1.878E-06 1.888E-06
 1.903E-06 1.919E-06 1.934E-06 1.949E-06 1.964E-06 1.979E-06 1.995E-06 2.010E-06
 2.026E-06
 1.834E-06 1.834E-06 1.834E-06 1.835E-06 1.835E-06 1.836E-06 1.837E-06 1.837E-06
 1.838E-06 1.839E-06 1.840E-06 1.843E-06 1.853E-06 1.866E-06 1.874E-06 1.883E-06
 1.899E-06 1.914E-06 1.930E-06 1.944E-06 1.959E-06 1.974E-06 1.990E-06 2.005E-06
 2.020E-06
 1.832E-06 1.833E-06 1.833E-06 1.833E-06 1.834E-06 1.835E-06 1.835E-06 1.836E-06
 1.837E-06 1.838E-06 1.838E-06 1.841E-06 1.850E-06 1.864E-06 1.870E-06 1.879E-06
 1.894E-06 1.910E-06 1.925E-06 1.940E-06 1.954E-06 1.969E-06 1.985E-06 2.000E-06
 2.016E-06
 1.831E-06 1.831E-06 1.832E-06 1.832E-06 1.833E-06 1.833E-06 1.834E-06 1.835E-06
 1.835E-06 1.836E-06 1.837E-06 1.839E-06 1.848E-06 1.862E-06 1.867E-06 1.875E-06
 1.890E-06 1.906E-06 1.921E-06 1.936E-06 1.950E-06 1.965E-06 1.980E-06 1.996E-06
 2.011E-06
 1.830E-06 1.830E-06 1.830E-06 1.831E-06 1.831E-06 1.832E-06 1.833E-06 1.833E-06
 1.834E-06 1.835E-06 1.836E-06 1.837E-06 1.846E-06 1.859E-06 1.864E-06 1.872E-06
 1.887E-06 1.902E-06 1.918E-06 1.932E-06 1.946E-06 1.961E-06 1.976E-06 1.992E-06
 2.007E-06
 1.829E-06 1.829E-06 1.829E-06 1.830E-06 1.830E-06 1.831E-06 1.832E-06 1.832E-06
 1.833E-06 1.834E-06 1.835E-06 1.835E-06 1.844E-06 1.857E-06 1.861E-06 1.868E-06
 1.883E-06 1.899E-06 1.914E-06 1.928E-06 1.942E-06 1.957E-06 1.972E-06 1.988E-06
 2.003E-06
 1.820E-06 1.820E-06 1.820E-06 1.820E-06 1.821E-06 1.821E-06 1.822E-06 1.823E-06
 1.823E-06 1.824E-06 1.825E-06 1.822E-06 1.829E-06 1.842E-06 1.839E-06 1.843E-06
 1.858E-06 1.872E-06 1.887E-06 1.899E-06 1.912E-06 1.927E-06 1.941E-06 1.956E-06
 1.971E-06
 1.813E-06 1.813E-06 1.813E-06 1.813E-06 1.814E-06 1.814E-06 1.815E-06 1.815E-06
 1.816E-06 1.816E-06 1.817E-06 1.813E-06 1.820E-06 1.832E-06 1.824E-06 1.825E-06
 1.839E-06 1.854E-06 1.869E-06 1.879E-06 1.889E-06 1.904E-06 1.918E-06 1.933E-06
 1.947E-06
 1.807E-06 1.807E-06 1.807E-06 1.807E-06 1.807E-06 1.808E-06 1.808E-06 1.809E-06
 1.809E-06 1.810E-06 1.811E-06 1.806E-06 1.812E-06 1.824E-06 1.812E-06 1.812E-06
 1.825E-06 1.839E-06 1.854E-06 1.862E-06 1.871E-06 1.885E-06 1.899E-06 1.913E-06
 1.927E-06
 1.801E-06 1.801E-06 1.801E-06 1.802E-06 1.802E-06 1.802E-06 1.803E-06 1.803E-06
 1.804E-06 1.804E-06 1.805E-06 1.800E-06 1.805E-06 1.817E-06 1.803E-06 1.800E-06
 1.814E-06 1.827E-06 1.841E-06 1.847E-06 1.855E-06 1.869E-06 1.882E-06 1.896E-06
 1.910E-06
 1.796E-06 1.796E-06 1.797E-06 1.797E-06 1.797E-06 1.797E-06 1.798E-06 1.798E-06
 1.799E-06 1.799E-06 1.800E-06 1.795E-06 1.800E-06 1.812E-06 1.794E-06 1.790E-06
 1.803E-06 1.817E-06 1.830E-06 1.835E-06 1.841E-06 1.854E-06 1.867E-06 1.881E-06
 1.894E-06
 1.792E-06 1.792E-06 1.792E-06 1.792E-06 1.793E-06 1.793E-06 1.793E-06 1.794E-06
 1.794E-06 1.795E-06 1.795E-06 1.790E-06 1.795E-06 1.806E-06 1.787E-06 1.782E-06
 1.794E-06 1.807E-06 1.820E-06 1.823E-06 1.828E-06 1.841E-06 1.854E-06 1.867E-06
 1.880E-06
 1.788E-06 1.788E-06 1.788E-06 1.788E-06 1.789E-06 1.789E-06 1.789E-06 1.790E-06
 1.790E-06 1.791E-06 1.791E-06 1.786E-06 1.790E-06 1.802E-06 1.780E-06 1.774E-06
 1.786E-06 1.799E-06 1.811E-06 1.812E-06 1.816E-06 1.828E-06 1.841E-06 1.854E-06
 1.866E-06
 1.784E-06 1.784E-06 1.784E-06 1.784E-06 1.785E-06 1.785E-06 1.785E-06 1.786E-06
 1.786E-06 1.787E-06 1.787E-06 1.782E-06 1.786E-06 1.797E-06 1.773E-06 1.767E-06
 1.779E-06 1.791E-06 1.803E-06 1.803E-06 1.804E-06 1.817E-06 1.829E-06 1.842E-06
 1.854E-06
 1.780E-06 1.780E-06 1.781E-06 1.781E-06 1.781E-06 1.781E-06 1.782E-06 1.782E-06
 1.783E-06 1.783E-06 1.784E-06 1.778E-06 1.782E-06 1.793E-06 1.768E-06 1.760E-06
 1.772E-06 1.784E-06 1.796E-06 1.793E-06 1.794E-06 1.806E-06 1.818E-06 1.830E-06
 1.842E-06
 1.751E-06 1.751E-06 1.751E-06 1.751E-06 1.751E-06 1.752E-06 1.752E-06 1.752E-06
 1.753E-06 1.753E-06 1.753E-06 1.748E-06 1.751E-06 1.761E-06 1.724E-06 1.712E-06
 1.721E-06 1.731E-06 1.740E-06 1.722E-06 1.709E-06 1.719E-06 1.729E-06 1.739E-06
 1.749E-06
 1.728E-06 1.728E-06 1.728E-06 1.728E-06 1.728E-06 1.728E-06 1.728E-06 1.729E-06
 1.729E-06 1.729E-06 1.730E-06 1.724E-06 1.727E-06 1.735E-06 1.692E-06 1.679E-06
 1.687E-06 1.695E-06 1.702E-06 1.669E-06 1.645E-06 1.653E-06 1.661E-06 1.670E-06
 1.679E-06
 1.707E-06 1.707E-06 1.707E-06 1.708E-06 1.708E-06 1.708E-06 1.708E-06 1.708E-06
 1.709E-06 1.709E-06 1.709E-06 1.703E-06 1.706E-06 1.713E-06 1.667E-06 1.653E-06
 1.659E-06 1.666E-06 1.672E-06 1.625E-06 1.591E-06 1.598E-06 1.605E-06 1.613E-06
 1.621E-06
 1.689E-06 1.689E-06 1.689E-06 1.689E-06 1.689E-06 1.689E-06 1.689E-06 1.690E-06
 1.690E-06 1.690E-06 1.690E-06 1.684E-06 1.686E-06 1.692E-06 1.645E-06 1.631E-06
 1.636E-06 1.643E-06 1.647E-06 1.587E-06 1.544E-06 1.550E-06 1.557E-06 1.563E-06
 1.570E-06
 1.672E-06 1.672E-06 1.672E-06 1.672E-06 1.672E-06 1.672E-06 1.672E-06 1.672E-06
 1.672E-06 1.673E-06 1.673E-06 1.667E-06 1.668E-06 1.674E-06 1.625E-06 1.611E-06
 1.616E-06 1.622E-06 1.625E-06 1.554E-06 1.502E-06 1.507E-06 1.513E-06 1.519E-06
 1.525E-06
 1.656E-06 1.656E-06 1.656E-06 1.656E-06 1.656E-06 1.656E-06 1.656E-06 1.656E-06
 1.656E-06 1.656E-06 1.656E-06 1.650E-06 1.651E-06 1.656E-06 1.607E-06 1.594E-06
 1.598E-06 1.603E-06 1.605E-06 1.522E-06 1.463E-06 1.468E-06 1.473E-06 1.479E-06
 1.485E-06
--------------------------------------------------------------------------------
   20 /EREF=3.000E+03 /NREF=3.000E+12
--------------------------------------------------------------------------------
 1.000E+01 2.000E+01 3.000E+01 4.000E+01 5.000E+01 6.000E+01 7.000E+01 8.000E+01
 8.966E+01 1.000E+02 2.000E+02 3.000E+02 4.000E+02 5.000E+02 6.000E+02 7.000E+02
 8.000E+02 8.966E+02 1.000E+03 2.000E+03
--------------------------------------------------------------------------------
 2.470E-06 2.443E-06 2.344E-06 2.244E-06 2.152E-06 2.069E-06 1.995E-06 1.930E-06
 1.872E-06 1.820E-06 1.485E-06 1.304E-06 1.185E-06 1.099E-06 1.032E-06 9.788E-07
 9.345E-07 8.969E-07 8.645E-07 6.780E-07
--------------------------------------------------------------------------------
C
C
C     ADAS FILE TYPE : 	ADF21
C     SOURCE FILE    :  /home/anderson/adas/adf26/bnl99#he/bnl99#he_b5.dat          
C
C     USER ID	     :  anderson        
C
--------------------------------------------------------------------------------
 
C---------------------------------------------------------------------------------
C ADAS ADF21/bms99#he_slow DATA - SCCS info: @(#)$Header: /u/xshare/Attic/repos/codesys/source/adas/data/adf21/bms99#he_slow/gcrc12/gcrc12#he_b5.dat,v 1.1 2009-07-30 05:40:17 Marina Gorelenkova Exp $ Date $Date: 2009-07-30 05:40:17 $
C---------------------------------------------------------------------------------
