    4 /GCRC2=1.827E-06 /SPEC=BE /DATE=06/01/99 /CODE=ADAS313
--------------------------------------------------------------------------------
   25   25 /TREF=1.000E+02
--------------------------------------------------------------------------------
 5.000E+01 1.000E+02 2.000E+02 3.000E+02 4.000E+02 5.000E+02 6.000E+02 7.000E+02
 8.000E+02 9.000E+02 1.000E+03 2.000E+03 3.000E+03 4.000E+03 5.000E+03 6.000E+03
 7.000E+03 8.000E+03 9.000E+03 1.000E+04 1.100E+04 1.200E+04 1.300E+04 1.400E+04
 1.500E+04
 1.000E+11 2.000E+11 3.000E+11 4.000E+11 5.000E+11 6.000E+11 7.000E+11 8.000E+11
 9.000E+11 1.000E+12 2.000E+12 3.000E+12 4.000E+12 5.000E+12 6.000E+12 7.000E+12
 8.000E+12 9.000E+12 1.000E+13 2.000E+13 3.000E+13 4.000E+13 5.000E+13 6.000E+13
 7.000E+13
--------------------------------------------------------------------------------
 1.845E-06 1.846E-06 1.846E-06 1.847E-06 1.848E-06 1.849E-06 1.850E-06 1.852E-06
 1.853E-06 1.854E-06 1.855E-06 1.867E-06 1.882E-06 1.898E-06 1.914E-06 1.930E-06
 1.947E-06 1.965E-06 1.982E-06 2.000E-06 2.016E-06 2.033E-06 2.050E-06 2.067E-06
 2.084E-06
 1.842E-06 1.842E-06 1.843E-06 1.843E-06 1.844E-06 1.845E-06 1.846E-06 1.847E-06
 1.848E-06 1.850E-06 1.851E-06 1.861E-06 1.875E-06 1.891E-06 1.906E-06 1.921E-06
 1.938E-06 1.956E-06 1.973E-06 1.991E-06 2.007E-06 2.024E-06 2.041E-06 2.058E-06
 2.075E-06
 1.839E-06 1.839E-06 1.840E-06 1.841E-06 1.842E-06 1.843E-06 1.844E-06 1.845E-06
 1.846E-06 1.847E-06 1.848E-06 1.857E-06 1.870E-06 1.886E-06 1.900E-06 1.914E-06
 1.932E-06 1.949E-06 1.966E-06 1.984E-06 2.000E-06 2.017E-06 2.034E-06 2.051E-06
 2.068E-06
 1.837E-06 1.838E-06 1.838E-06 1.839E-06 1.840E-06 1.841E-06 1.841E-06 1.842E-06
 1.843E-06 1.845E-06 1.846E-06 1.854E-06 1.866E-06 1.882E-06 1.895E-06 1.909E-06
 1.926E-06 1.943E-06 1.961E-06 1.978E-06 1.994E-06 2.011E-06 2.028E-06 2.045E-06
 2.062E-06
 1.836E-06 1.836E-06 1.836E-06 1.837E-06 1.838E-06 1.839E-06 1.840E-06 1.841E-06
 1.842E-06 1.843E-06 1.844E-06 1.851E-06 1.863E-06 1.879E-06 1.891E-06 1.904E-06
 1.921E-06 1.938E-06 1.956E-06 1.972E-06 1.989E-06 2.006E-06 2.022E-06 2.039E-06
 2.056E-06
 1.834E-06 1.834E-06 1.835E-06 1.836E-06 1.836E-06 1.837E-06 1.838E-06 1.839E-06
 1.840E-06 1.841E-06 1.842E-06 1.848E-06 1.860E-06 1.876E-06 1.887E-06 1.899E-06
 1.917E-06 1.934E-06 1.951E-06 1.968E-06 1.984E-06 2.001E-06 2.018E-06 2.034E-06
 2.051E-06
 1.833E-06 1.833E-06 1.834E-06 1.834E-06 1.835E-06 1.836E-06 1.837E-06 1.838E-06
 1.838E-06 1.839E-06 1.840E-06 1.846E-06 1.858E-06 1.874E-06 1.883E-06 1.895E-06
 1.913E-06 1.930E-06 1.947E-06 1.963E-06 1.980E-06 1.996E-06 2.013E-06 2.030E-06
 2.046E-06
 1.832E-06 1.832E-06 1.832E-06 1.833E-06 1.834E-06 1.834E-06 1.835E-06 1.836E-06
 1.837E-06 1.838E-06 1.839E-06 1.844E-06 1.856E-06 1.871E-06 1.880E-06 1.892E-06
 1.909E-06 1.926E-06 1.943E-06 1.959E-06 1.975E-06 1.992E-06 2.009E-06 2.026E-06
 2.042E-06
 1.830E-06 1.831E-06 1.831E-06 1.832E-06 1.832E-06 1.833E-06 1.834E-06 1.835E-06
 1.836E-06 1.837E-06 1.838E-06 1.842E-06 1.853E-06 1.869E-06 1.877E-06 1.888E-06
 1.905E-06 1.922E-06 1.940E-06 1.956E-06 1.972E-06 1.988E-06 2.005E-06 2.022E-06
 2.038E-06
 1.829E-06 1.830E-06 1.830E-06 1.831E-06 1.831E-06 1.832E-06 1.833E-06 1.834E-06
 1.835E-06 1.835E-06 1.836E-06 1.841E-06 1.851E-06 1.867E-06 1.875E-06 1.885E-06
 1.902E-06 1.919E-06 1.936E-06 1.952E-06 1.968E-06 1.984E-06 2.001E-06 2.018E-06
 2.034E-06
 1.820E-06 1.820E-06 1.821E-06 1.821E-06 1.822E-06 1.822E-06 1.823E-06 1.824E-06
 1.824E-06 1.825E-06 1.826E-06 1.828E-06 1.837E-06 1.852E-06 1.854E-06 1.861E-06
 1.877E-06 1.894E-06 1.910E-06 1.925E-06 1.939E-06 1.955E-06 1.971E-06 1.987E-06
 2.003E-06
 1.813E-06 1.813E-06 1.813E-06 1.814E-06 1.814E-06 1.815E-06 1.815E-06 1.816E-06
 1.817E-06 1.818E-06 1.818E-06 1.818E-06 1.827E-06 1.841E-06 1.839E-06 1.843E-06
 1.859E-06 1.876E-06 1.892E-06 1.904E-06 1.917E-06 1.933E-06 1.949E-06 1.965E-06
 1.980E-06
 1.807E-06 1.807E-06 1.807E-06 1.808E-06 1.808E-06 1.809E-06 1.809E-06 1.810E-06
 1.810E-06 1.811E-06 1.812E-06 1.811E-06 1.819E-06 1.833E-06 1.827E-06 1.830E-06
 1.845E-06 1.861E-06 1.877E-06 1.888E-06 1.899E-06 1.915E-06 1.930E-06 1.945E-06
 1.961E-06
 1.802E-06 1.802E-06 1.802E-06 1.802E-06 1.803E-06 1.803E-06 1.804E-06 1.804E-06
 1.805E-06 1.806E-06 1.806E-06 1.805E-06 1.812E-06 1.826E-06 1.818E-06 1.818E-06
 1.833E-06 1.849E-06 1.864E-06 1.874E-06 1.884E-06 1.899E-06 1.914E-06 1.929E-06
 1.944E-06
 1.797E-06 1.797E-06 1.797E-06 1.797E-06 1.798E-06 1.798E-06 1.799E-06 1.799E-06
 1.800E-06 1.801E-06 1.801E-06 1.800E-06 1.807E-06 1.820E-06 1.809E-06 1.809E-06
 1.823E-06 1.838E-06 1.853E-06 1.861E-06 1.870E-06 1.885E-06 1.899E-06 1.914E-06
 1.928E-06
 1.792E-06 1.792E-06 1.793E-06 1.793E-06 1.793E-06 1.794E-06 1.794E-06 1.795E-06
 1.795E-06 1.796E-06 1.797E-06 1.795E-06 1.802E-06 1.815E-06 1.802E-06 1.800E-06
 1.814E-06 1.829E-06 1.843E-06 1.850E-06 1.857E-06 1.871E-06 1.886E-06 1.900E-06
 1.914E-06
 1.788E-06 1.788E-06 1.788E-06 1.789E-06 1.789E-06 1.789E-06 1.790E-06 1.791E-06
 1.791E-06 1.792E-06 1.792E-06 1.790E-06 1.797E-06 1.810E-06 1.795E-06 1.792E-06
 1.806E-06 1.820E-06 1.834E-06 1.839E-06 1.846E-06 1.859E-06 1.873E-06 1.887E-06
 1.901E-06
 1.784E-06 1.784E-06 1.785E-06 1.785E-06 1.785E-06 1.786E-06 1.786E-06 1.787E-06
 1.787E-06 1.788E-06 1.788E-06 1.786E-06 1.793E-06 1.805E-06 1.788E-06 1.785E-06
 1.798E-06 1.812E-06 1.826E-06 1.829E-06 1.835E-06 1.848E-06 1.862E-06 1.875E-06
 1.889E-06
 1.781E-06 1.781E-06 1.781E-06 1.781E-06 1.781E-06 1.782E-06 1.782E-06 1.783E-06
 1.783E-06 1.784E-06 1.785E-06 1.782E-06 1.789E-06 1.801E-06 1.783E-06 1.778E-06
 1.791E-06 1.805E-06 1.818E-06 1.820E-06 1.824E-06 1.837E-06 1.851E-06 1.864E-06
 1.877E-06
 1.751E-06 1.751E-06 1.751E-06 1.751E-06 1.752E-06 1.752E-06 1.752E-06 1.753E-06
 1.753E-06 1.754E-06 1.754E-06 1.751E-06 1.757E-06 1.767E-06 1.738E-06 1.728E-06
 1.739E-06 1.750E-06 1.760E-06 1.749E-06 1.742E-06 1.752E-06 1.763E-06 1.774E-06
 1.785E-06
 1.728E-06 1.728E-06 1.728E-06 1.728E-06 1.728E-06 1.729E-06 1.729E-06 1.729E-06
 1.730E-06 1.730E-06 1.731E-06 1.727E-06 1.732E-06 1.741E-06 1.705E-06 1.693E-06
 1.702E-06 1.712E-06 1.720E-06 1.696E-06 1.680E-06 1.688E-06 1.698E-06 1.707E-06
 1.717E-06
 1.708E-06 1.708E-06 1.708E-06 1.708E-06 1.708E-06 1.708E-06 1.708E-06 1.709E-06
 1.709E-06 1.709E-06 1.710E-06 1.706E-06 1.710E-06 1.718E-06 1.679E-06 1.666E-06
 1.674E-06 1.682E-06 1.688E-06 1.654E-06 1.628E-06 1.635E-06 1.644E-06 1.652E-06
 1.660E-06
 1.689E-06 1.689E-06 1.689E-06 1.689E-06 1.689E-06 1.690E-06 1.690E-06 1.690E-06
 1.690E-06 1.691E-06 1.691E-06 1.687E-06 1.690E-06 1.697E-06 1.656E-06 1.643E-06
 1.649E-06 1.656E-06 1.662E-06 1.617E-06 1.583E-06 1.589E-06 1.597E-06 1.604E-06
 1.611E-06
 1.672E-06 1.672E-06 1.672E-06 1.672E-06 1.672E-06 1.672E-06 1.672E-06 1.673E-06
 1.673E-06 1.673E-06 1.673E-06 1.669E-06 1.671E-06 1.678E-06 1.636E-06 1.622E-06
 1.628E-06 1.634E-06 1.638E-06 1.583E-06 1.543E-06 1.548E-06 1.555E-06 1.561E-06
 1.568E-06
 1.656E-06 1.656E-06 1.656E-06 1.656E-06 1.656E-06 1.656E-06 1.656E-06 1.656E-06
 1.656E-06 1.657E-06 1.657E-06 1.652E-06 1.654E-06 1.660E-06 1.617E-06 1.604E-06
 1.609E-06 1.615E-06 1.618E-06 1.553E-06 1.506E-06 1.510E-06 1.517E-06 1.523E-06
 1.529E-06
--------------------------------------------------------------------------------
   20 /EREF=3.000E+03 /NREF=3.000E+12
--------------------------------------------------------------------------------
 1.000E+01 2.000E+01 3.000E+01 4.000E+01 5.000E+01 6.000E+01 7.000E+01 8.000E+01
 8.966E+01 1.000E+02 2.000E+02 3.000E+02 4.000E+02 5.000E+02 6.000E+02 7.000E+02
 8.000E+02 8.966E+02 1.000E+03 2.000E+03
--------------------------------------------------------------------------------
 2.476E-06 2.450E-06 2.351E-06 2.251E-06 2.159E-06 2.076E-06 2.003E-06 1.937E-06
 1.879E-06 1.827E-06 1.492E-06 1.311E-06 1.192E-06 1.106E-06 1.039E-06 9.860E-07
 9.417E-07 9.042E-07 8.719E-07 6.860E-07
--------------------------------------------------------------------------------
C
C
C     ADAS FILE TYPE : 	ADF21
C     SOURCE FILE    :  /home/anderson/adas/adf26/bnl99#he/bnl99#he_be4.dat         
C
C     USER ID	     :  anderson        
C
--------------------------------------------------------------------------------
 
C---------------------------------------------------------------------------------
C ADAS ADF21/bms99#he_slow DATA - SCCS info: @(#)$Header: /u/xshare/Attic/repos/codesys/source/adas/data/adf21/bms99#he_slow/gcrc12/gcrc12#he_be4.dat,v 1.1 2009-07-30 05:40:17 Marina Gorelenkova Exp $ Date $Date: 2009-07-30 05:40:17 $
C---------------------------------------------------------------------------------
