    1 /GCRC2=1.891E-06 /SPEC=H  /DATE=06/01/99 /CODE=ADAS313
--------------------------------------------------------------------------------
   25   25 /TREF=1.000E+02
--------------------------------------------------------------------------------
 5.000E+01 1.000E+02 2.000E+02 3.000E+02 4.000E+02 5.000E+02 6.000E+02 7.000E+02
 8.000E+02 9.000E+02 1.000E+03 2.000E+03 3.000E+03 4.000E+03 5.000E+03 6.000E+03
 7.000E+03 8.000E+03 9.000E+03 1.000E+04 1.100E+04 1.200E+04 1.300E+04 1.400E+04
 1.500E+04
 1.000E+11 2.000E+11 3.000E+11 4.000E+11 5.000E+11 6.000E+11 7.000E+11 8.000E+11
 9.000E+11 1.000E+12 2.000E+12 3.000E+12 4.000E+12 5.000E+12 6.000E+12 7.000E+12
 8.000E+12 9.000E+12 1.000E+13 2.000E+13 3.000E+13 4.000E+13 5.000E+13 6.000E+13
 7.000E+13
--------------------------------------------------------------------------------
 1.851E-06 1.853E-06 1.856E-06 1.858E-06 1.861E-06 1.864E-06 1.867E-06 1.870E-06
 1.873E-06 1.876E-06 1.880E-06 1.913E-06 1.946E-06 1.979E-06 2.011E-06 2.041E-06
 2.071E-06 2.102E-06 2.133E-06 2.163E-06 2.193E-06 2.223E-06 2.253E-06 2.282E-06
 2.310E-06
 1.847E-06 1.849E-06 1.851E-06 1.854E-06 1.857E-06 1.860E-06 1.862E-06 1.865E-06
 1.869E-06 1.872E-06 1.875E-06 1.907E-06 1.941E-06 1.973E-06 2.004E-06 2.034E-06
 2.064E-06 2.095E-06 2.126E-06 2.156E-06 2.186E-06 2.216E-06 2.246E-06 2.275E-06
 2.303E-06
 1.845E-06 1.846E-06 1.848E-06 1.851E-06 1.854E-06 1.856E-06 1.859E-06 1.862E-06
 1.865E-06 1.868E-06 1.871E-06 1.903E-06 1.936E-06 1.969E-06 1.999E-06 2.029E-06
 2.059E-06 2.090E-06 2.120E-06 2.151E-06 2.181E-06 2.211E-06 2.240E-06 2.269E-06
 2.297E-06
 1.843E-06 1.844E-06 1.846E-06 1.849E-06 1.851E-06 1.854E-06 1.857E-06 1.860E-06
 1.863E-06 1.866E-06 1.869E-06 1.900E-06 1.933E-06 1.965E-06 1.995E-06 2.025E-06
 2.055E-06 2.085E-06 2.116E-06 2.146E-06 2.176E-06 2.206E-06 2.235E-06 2.264E-06
 2.292E-06
 1.841E-06 1.842E-06 1.844E-06 1.847E-06 1.849E-06 1.852E-06 1.855E-06 1.858E-06
 1.860E-06 1.863E-06 1.866E-06 1.897E-06 1.930E-06 1.962E-06 1.992E-06 2.021E-06
 2.051E-06 2.081E-06 2.111E-06 2.142E-06 2.171E-06 2.201E-06 2.231E-06 2.260E-06
 2.287E-06
 1.839E-06 1.840E-06 1.842E-06 1.845E-06 1.847E-06 1.850E-06 1.853E-06 1.856E-06
 1.858E-06 1.861E-06 1.864E-06 1.895E-06 1.927E-06 1.959E-06 1.988E-06 2.017E-06
 2.047E-06 2.077E-06 2.108E-06 2.138E-06 2.168E-06 2.197E-06 2.227E-06 2.255E-06
 2.283E-06
 1.837E-06 1.839E-06 1.841E-06 1.843E-06 1.846E-06 1.848E-06 1.851E-06 1.854E-06
 1.857E-06 1.860E-06 1.862E-06 1.893E-06 1.924E-06 1.956E-06 1.985E-06 2.014E-06
 2.044E-06 2.074E-06 2.104E-06 2.134E-06 2.164E-06 2.193E-06 2.223E-06 2.251E-06
 2.279E-06
 1.836E-06 1.837E-06 1.839E-06 1.842E-06 1.844E-06 1.847E-06 1.849E-06 1.852E-06
 1.855E-06 1.858E-06 1.861E-06 1.890E-06 1.922E-06 1.954E-06 1.983E-06 2.011E-06
 2.041E-06 2.071E-06 2.101E-06 2.131E-06 2.160E-06 2.190E-06 2.219E-06 2.248E-06
 2.275E-06
 1.835E-06 1.836E-06 1.838E-06 1.840E-06 1.843E-06 1.845E-06 1.848E-06 1.851E-06
 1.853E-06 1.856E-06 1.859E-06 1.889E-06 1.920E-06 1.951E-06 1.980E-06 2.008E-06
 2.038E-06 2.068E-06 2.098E-06 2.128E-06 2.157E-06 2.186E-06 2.216E-06 2.244E-06
 2.272E-06
 1.834E-06 1.835E-06 1.837E-06 1.839E-06 1.841E-06 1.844E-06 1.846E-06 1.849E-06
 1.852E-06 1.855E-06 1.858E-06 1.887E-06 1.918E-06 1.949E-06 1.978E-06 2.006E-06
 2.035E-06 2.065E-06 2.095E-06 2.124E-06 2.154E-06 2.183E-06 2.212E-06 2.241E-06
 2.268E-06
 1.824E-06 1.824E-06 1.826E-06 1.828E-06 1.830E-06 1.833E-06 1.835E-06 1.838E-06
 1.840E-06 1.843E-06 1.846E-06 1.873E-06 1.903E-06 1.932E-06 1.959E-06 1.985E-06
 2.013E-06 2.042E-06 2.071E-06 2.100E-06 2.128E-06 2.157E-06 2.185E-06 2.213E-06
 2.239E-06
 1.816E-06 1.817E-06 1.818E-06 1.820E-06 1.822E-06 1.825E-06 1.827E-06 1.829E-06
 1.832E-06 1.834E-06 1.837E-06 1.863E-06 1.891E-06 1.920E-06 1.945E-06 1.969E-06
 1.996E-06 2.025E-06 2.053E-06 2.081E-06 2.108E-06 2.136E-06 2.164E-06 2.191E-06
 2.216E-06
 1.810E-06 1.810E-06 1.812E-06 1.814E-06 1.816E-06 1.818E-06 1.820E-06 1.822E-06
 1.825E-06 1.827E-06 1.830E-06 1.855E-06 1.882E-06 1.910E-06 1.933E-06 1.956E-06
 1.982E-06 2.010E-06 2.037E-06 2.064E-06 2.091E-06 2.118E-06 2.145E-06 2.171E-06
 2.197E-06
 1.804E-06 1.805E-06 1.806E-06 1.808E-06 1.810E-06 1.812E-06 1.814E-06 1.816E-06
 1.819E-06 1.821E-06 1.823E-06 1.848E-06 1.875E-06 1.902E-06 1.923E-06 1.945E-06
 1.970E-06 1.997E-06 2.024E-06 2.050E-06 2.076E-06 2.102E-06 2.129E-06 2.154E-06
 2.179E-06
 1.799E-06 1.800E-06 1.801E-06 1.803E-06 1.805E-06 1.807E-06 1.809E-06 1.811E-06
 1.813E-06 1.816E-06 1.818E-06 1.841E-06 1.868E-06 1.894E-06 1.914E-06 1.935E-06
 1.960E-06 1.986E-06 2.012E-06 2.037E-06 2.062E-06 2.088E-06 2.114E-06 2.139E-06
 2.163E-06
 1.795E-06 1.795E-06 1.797E-06 1.798E-06 1.800E-06 1.802E-06 1.804E-06 1.806E-06
 1.808E-06 1.811E-06 1.813E-06 1.836E-06 1.861E-06 1.887E-06 1.906E-06 1.926E-06
 1.950E-06 1.975E-06 2.001E-06 2.025E-06 2.050E-06 2.075E-06 2.100E-06 2.124E-06
 2.148E-06
 1.790E-06 1.791E-06 1.792E-06 1.794E-06 1.796E-06 1.797E-06 1.800E-06 1.802E-06
 1.804E-06 1.806E-06 1.808E-06 1.831E-06 1.856E-06 1.881E-06 1.899E-06 1.917E-06
 1.941E-06 1.966E-06 1.990E-06 2.014E-06 2.038E-06 2.062E-06 2.087E-06 2.111E-06
 2.134E-06
 1.786E-06 1.787E-06 1.788E-06 1.790E-06 1.792E-06 1.793E-06 1.795E-06 1.797E-06
 1.800E-06 1.802E-06 1.804E-06 1.826E-06 1.850E-06 1.875E-06 1.892E-06 1.909E-06
 1.932E-06 1.957E-06 1.981E-06 2.004E-06 2.027E-06 2.050E-06 2.074E-06 2.098E-06
 2.121E-06
 1.783E-06 1.783E-06 1.784E-06 1.786E-06 1.788E-06 1.789E-06 1.791E-06 1.793E-06
 1.796E-06 1.798E-06 1.800E-06 1.821E-06 1.845E-06 1.869E-06 1.885E-06 1.902E-06
 1.924E-06 1.948E-06 1.972E-06 1.994E-06 2.016E-06 2.039E-06 2.063E-06 2.086E-06
 2.108E-06
 1.753E-06 1.753E-06 1.754E-06 1.755E-06 1.757E-06 1.758E-06 1.760E-06 1.762E-06
 1.764E-06 1.765E-06 1.767E-06 1.785E-06 1.805E-06 1.825E-06 1.833E-06 1.843E-06
 1.861E-06 1.881E-06 1.899E-06 1.915E-06 1.932E-06 1.950E-06 1.970E-06 1.989E-06
 2.007E-06
 1.729E-06 1.730E-06 1.730E-06 1.731E-06 1.733E-06 1.734E-06 1.735E-06 1.737E-06
 1.738E-06 1.740E-06 1.742E-06 1.757E-06 1.774E-06 1.790E-06 1.794E-06 1.800E-06
 1.815E-06 1.831E-06 1.846E-06 1.857E-06 1.869E-06 1.884E-06 1.900E-06 1.917E-06
 1.932E-06
 1.709E-06 1.709E-06 1.710E-06 1.711E-06 1.712E-06 1.713E-06 1.714E-06 1.715E-06
 1.717E-06 1.718E-06 1.719E-06 1.732E-06 1.748E-06 1.761E-06 1.761E-06 1.764E-06
 1.777E-06 1.791E-06 1.803E-06 1.810E-06 1.818E-06 1.830E-06 1.844E-06 1.859E-06
 1.872E-06
 1.690E-06 1.690E-06 1.691E-06 1.692E-06 1.693E-06 1.694E-06 1.695E-06 1.696E-06
 1.697E-06 1.698E-06 1.699E-06 1.711E-06 1.724E-06 1.735E-06 1.733E-06 1.734E-06
 1.745E-06 1.757E-06 1.766E-06 1.770E-06 1.775E-06 1.785E-06 1.797E-06 1.810E-06
 1.822E-06
 1.673E-06 1.673E-06 1.673E-06 1.674E-06 1.675E-06 1.676E-06 1.677E-06 1.678E-06
 1.679E-06 1.680E-06 1.681E-06 1.691E-06 1.702E-06 1.712E-06 1.707E-06 1.707E-06
 1.717E-06 1.727E-06 1.734E-06 1.735E-06 1.737E-06 1.745E-06 1.756E-06 1.767E-06
 1.778E-06
 1.656E-06 1.657E-06 1.657E-06 1.658E-06 1.658E-06 1.659E-06 1.660E-06 1.661E-06
 1.662E-06 1.663E-06 1.664E-06 1.672E-06 1.682E-06 1.690E-06 1.685E-06 1.683E-06
 1.691E-06 1.701E-06 1.706E-06 1.704E-06 1.704E-06 1.710E-06 1.719E-06 1.729E-06
 1.739E-06
--------------------------------------------------------------------------------
   20 /EREF=3.000E+03 /NREF=3.000E+12
--------------------------------------------------------------------------------
 1.000E+01 2.000E+01 3.000E+01 4.000E+01 5.000E+01 6.000E+01 7.000E+01 8.000E+01
 8.966E+01 1.000E+02 2.000E+02 3.000E+02 4.000E+02 5.000E+02 6.000E+02 7.000E+02
 8.000E+02 8.966E+02 1.000E+03 2.000E+03
--------------------------------------------------------------------------------
 2.527E-06 2.507E-06 2.411E-06 2.313E-06 2.222E-06 2.139E-06 2.066E-06 2.001E-06
 1.943E-06 1.891E-06 1.559E-06 1.379E-06 1.262E-06 1.177E-06 1.112E-06 1.060E-06
 1.018E-06 9.823E-07 9.519E-07 7.859E-07
--------------------------------------------------------------------------------
C
C
C     ADAS FILE TYPE : 	ADF21
C     SOURCE FILE    :  /home/anderson/adas/adf26/bnl99#he/bnl99#he_h1.dat          
C
C     USER ID	     :  anderson        
C
--------------------------------------------------------------------------------
 
C---------------------------------------------------------------------------------
C ADAS ADF21/bms99#he_slow DATA - SCCS info: @(#)$Header: /u/xshare/Attic/repos/codesys/source/adas/data/adf21/bms99#he_slow/gcrc12/gcrc12#he_h1.dat,v 1.1 2009-07-30 05:40:18 Marina Gorelenkova Exp $ Date $Date: 2009-07-30 05:40:18 $
C---------------------------------------------------------------------------------
