    2 /GCRC2=1.855E-06 /SPEC=HE /DATE=06/01/99 /CODE=ADAS313
--------------------------------------------------------------------------------
   25   25 /TREF=1.000E+02
--------------------------------------------------------------------------------
 5.000E+01 1.000E+02 2.000E+02 3.000E+02 4.000E+02 5.000E+02 6.000E+02 7.000E+02
 8.000E+02 9.000E+02 1.000E+03 2.000E+03 3.000E+03 4.000E+03 5.000E+03 6.000E+03
 7.000E+03 8.000E+03 9.000E+03 1.000E+04 1.100E+04 1.200E+04 1.300E+04 1.400E+04
 1.500E+04
 1.000E+11 2.000E+11 3.000E+11 4.000E+11 5.000E+11 6.000E+11 7.000E+11 8.000E+11
 9.000E+11 1.000E+12 2.000E+12 3.000E+12 4.000E+12 5.000E+12 6.000E+12 7.000E+12
 8.000E+12 9.000E+12 1.000E+13 2.000E+13 3.000E+13 4.000E+13 5.000E+13 6.000E+13
 7.000E+13
--------------------------------------------------------------------------------
 1.848E-06 1.849E-06 1.850E-06 1.852E-06 1.854E-06 1.855E-06 1.857E-06 1.859E-06
 1.861E-06 1.863E-06 1.865E-06 1.886E-06 1.910E-06 1.934E-06 1.958E-06 1.982E-06
 2.005E-06 2.028E-06 2.051E-06 2.073E-06 2.095E-06 2.116E-06 2.137E-06 2.158E-06
 2.180E-06
 1.844E-06 1.845E-06 1.846E-06 1.848E-06 1.849E-06 1.851E-06 1.853E-06 1.855E-06
 1.856E-06 1.858E-06 1.860E-06 1.880E-06 1.903E-06 1.927E-06 1.951E-06 1.974E-06
 1.998E-06 2.021E-06 2.043E-06 2.065E-06 2.087E-06 2.108E-06 2.129E-06 2.150E-06
 2.172E-06
 1.841E-06 1.842E-06 1.844E-06 1.845E-06 1.847E-06 1.848E-06 1.850E-06 1.852E-06
 1.853E-06 1.855E-06 1.857E-06 1.876E-06 1.899E-06 1.923E-06 1.946E-06 1.968E-06
 1.992E-06 2.015E-06 2.037E-06 2.059E-06 2.081E-06 2.102E-06 2.123E-06 2.144E-06
 2.165E-06
 1.839E-06 1.840E-06 1.841E-06 1.843E-06 1.844E-06 1.846E-06 1.848E-06 1.849E-06
 1.851E-06 1.853E-06 1.855E-06 1.873E-06 1.895E-06 1.919E-06 1.941E-06 1.963E-06
 1.987E-06 2.010E-06 2.032E-06 2.054E-06 2.076E-06 2.097E-06 2.118E-06 2.139E-06
 2.160E-06
 1.838E-06 1.838E-06 1.840E-06 1.841E-06 1.842E-06 1.844E-06 1.846E-06 1.847E-06
 1.849E-06 1.851E-06 1.853E-06 1.870E-06 1.892E-06 1.916E-06 1.937E-06 1.959E-06
 1.983E-06 2.005E-06 2.028E-06 2.050E-06 2.071E-06 2.092E-06 2.113E-06 2.134E-06
 2.155E-06
 1.836E-06 1.837E-06 1.838E-06 1.839E-06 1.841E-06 1.842E-06 1.844E-06 1.845E-06
 1.847E-06 1.849E-06 1.851E-06 1.868E-06 1.889E-06 1.913E-06 1.934E-06 1.955E-06
 1.979E-06 2.001E-06 2.024E-06 2.045E-06 2.067E-06 2.088E-06 2.108E-06 2.129E-06
 2.150E-06
 1.835E-06 1.835E-06 1.836E-06 1.838E-06 1.839E-06 1.841E-06 1.842E-06 1.844E-06
 1.845E-06 1.847E-06 1.849E-06 1.866E-06 1.887E-06 1.910E-06 1.931E-06 1.952E-06
 1.975E-06 1.998E-06 2.020E-06 2.042E-06 2.063E-06 2.083E-06 2.104E-06 2.125E-06
 2.146E-06
 1.833E-06 1.834E-06 1.835E-06 1.836E-06 1.838E-06 1.839E-06 1.841E-06 1.842E-06
 1.844E-06 1.846E-06 1.847E-06 1.864E-06 1.885E-06 1.908E-06 1.928E-06 1.949E-06
 1.972E-06 1.994E-06 2.017E-06 2.038E-06 2.059E-06 2.080E-06 2.100E-06 2.121E-06
 2.142E-06
 1.832E-06 1.833E-06 1.834E-06 1.835E-06 1.836E-06 1.838E-06 1.839E-06 1.841E-06
 1.843E-06 1.844E-06 1.846E-06 1.862E-06 1.882E-06 1.906E-06 1.925E-06 1.946E-06
 1.969E-06 1.991E-06 2.013E-06 2.035E-06 2.055E-06 2.076E-06 2.097E-06 2.118E-06
 2.138E-06
 1.831E-06 1.832E-06 1.833E-06 1.834E-06 1.835E-06 1.836E-06 1.838E-06 1.840E-06
 1.841E-06 1.843E-06 1.845E-06 1.860E-06 1.880E-06 1.904E-06 1.923E-06 1.943E-06
 1.966E-06 1.988E-06 2.010E-06 2.031E-06 2.052E-06 2.073E-06 2.093E-06 2.114E-06
 2.135E-06
 1.822E-06 1.822E-06 1.823E-06 1.824E-06 1.825E-06 1.826E-06 1.828E-06 1.829E-06
 1.830E-06 1.832E-06 1.833E-06 1.847E-06 1.866E-06 1.888E-06 1.903E-06 1.921E-06
 1.943E-06 1.965E-06 1.986E-06 2.006E-06 2.026E-06 2.046E-06 2.066E-06 2.086E-06
 2.106E-06
 1.814E-06 1.815E-06 1.815E-06 1.816E-06 1.817E-06 1.818E-06 1.820E-06 1.821E-06
 1.822E-06 1.824E-06 1.825E-06 1.837E-06 1.855E-06 1.876E-06 1.889E-06 1.904E-06
 1.926E-06 1.947E-06 1.968E-06 1.987E-06 2.006E-06 2.025E-06 2.045E-06 2.064E-06
 2.084E-06
 1.808E-06 1.808E-06 1.809E-06 1.810E-06 1.811E-06 1.812E-06 1.813E-06 1.814E-06
 1.816E-06 1.817E-06 1.818E-06 1.830E-06 1.847E-06 1.867E-06 1.878E-06 1.891E-06
 1.912E-06 1.933E-06 1.953E-06 1.971E-06 1.989E-06 2.008E-06 2.027E-06 2.046E-06
 2.065E-06
 1.803E-06 1.803E-06 1.803E-06 1.804E-06 1.805E-06 1.806E-06 1.807E-06 1.809E-06
 1.810E-06 1.811E-06 1.813E-06 1.823E-06 1.839E-06 1.860E-06 1.868E-06 1.880E-06
 1.900E-06 1.921E-06 1.940E-06 1.957E-06 1.974E-06 1.992E-06 2.011E-06 2.029E-06
 2.048E-06
 1.798E-06 1.798E-06 1.799E-06 1.799E-06 1.800E-06 1.801E-06 1.802E-06 1.803E-06
 1.805E-06 1.806E-06 1.807E-06 1.817E-06 1.833E-06 1.853E-06 1.860E-06 1.870E-06
 1.890E-06 1.910E-06 1.929E-06 1.945E-06 1.961E-06 1.979E-06 1.997E-06 2.015E-06
 2.033E-06
 1.793E-06 1.793E-06 1.794E-06 1.795E-06 1.796E-06 1.797E-06 1.798E-06 1.799E-06
 1.800E-06 1.801E-06 1.803E-06 1.812E-06 1.828E-06 1.847E-06 1.852E-06 1.861E-06
 1.881E-06 1.900E-06 1.918E-06 1.934E-06 1.949E-06 1.966E-06 1.984E-06 2.001E-06
 2.019E-06
 1.789E-06 1.789E-06 1.790E-06 1.791E-06 1.791E-06 1.792E-06 1.793E-06 1.794E-06
 1.796E-06 1.797E-06 1.798E-06 1.807E-06 1.822E-06 1.841E-06 1.845E-06 1.853E-06
 1.872E-06 1.891E-06 1.909E-06 1.923E-06 1.937E-06 1.954E-06 1.971E-06 1.989E-06
 2.006E-06
 1.785E-06 1.785E-06 1.786E-06 1.787E-06 1.787E-06 1.788E-06 1.789E-06 1.790E-06
 1.792E-06 1.793E-06 1.794E-06 1.803E-06 1.818E-06 1.836E-06 1.838E-06 1.846E-06
 1.864E-06 1.883E-06 1.900E-06 1.913E-06 1.927E-06 1.943E-06 1.960E-06 1.977E-06
 1.994E-06
 1.782E-06 1.782E-06 1.782E-06 1.783E-06 1.784E-06 1.785E-06 1.786E-06 1.787E-06
 1.788E-06 1.789E-06 1.790E-06 1.799E-06 1.813E-06 1.831E-06 1.832E-06 1.838E-06
 1.856E-06 1.875E-06 1.892E-06 1.904E-06 1.917E-06 1.933E-06 1.949E-06 1.966E-06
 1.982E-06
 1.752E-06 1.752E-06 1.752E-06 1.753E-06 1.754E-06 1.754E-06 1.755E-06 1.756E-06
 1.757E-06 1.758E-06 1.759E-06 1.766E-06 1.777E-06 1.792E-06 1.784E-06 1.784E-06
 1.799E-06 1.814E-06 1.827E-06 1.831E-06 1.837E-06 1.850E-06 1.863E-06 1.877E-06
 1.890E-06
 1.728E-06 1.729E-06 1.729E-06 1.729E-06 1.730E-06 1.730E-06 1.731E-06 1.732E-06
 1.733E-06 1.734E-06 1.734E-06 1.740E-06 1.750E-06 1.762E-06 1.749E-06 1.745E-06
 1.757E-06 1.770E-06 1.780E-06 1.778E-06 1.778E-06 1.788E-06 1.799E-06 1.810E-06
 1.822E-06
 1.708E-06 1.708E-06 1.708E-06 1.709E-06 1.709E-06 1.710E-06 1.710E-06 1.711E-06
 1.712E-06 1.712E-06 1.713E-06 1.717E-06 1.726E-06 1.737E-06 1.719E-06 1.713E-06
 1.724E-06 1.735E-06 1.743E-06 1.735E-06 1.729E-06 1.737E-06 1.747E-06 1.757E-06
 1.767E-06
 1.690E-06 1.690E-06 1.690E-06 1.690E-06 1.690E-06 1.691E-06 1.691E-06 1.692E-06
 1.693E-06 1.693E-06 1.694E-06 1.697E-06 1.704E-06 1.714E-06 1.694E-06 1.687E-06
 1.696E-06 1.705E-06 1.711E-06 1.697E-06 1.687E-06 1.693E-06 1.702E-06 1.711E-06
 1.720E-06
 1.672E-06 1.672E-06 1.672E-06 1.673E-06 1.673E-06 1.673E-06 1.674E-06 1.674E-06
 1.675E-06 1.675E-06 1.676E-06 1.678E-06 1.685E-06 1.693E-06 1.671E-06 1.663E-06
 1.671E-06 1.680E-06 1.683E-06 1.665E-06 1.651E-06 1.655E-06 1.663E-06 1.671E-06
 1.679E-06
 1.656E-06 1.656E-06 1.656E-06 1.656E-06 1.657E-06 1.657E-06 1.657E-06 1.658E-06
 1.658E-06 1.659E-06 1.659E-06 1.661E-06 1.666E-06 1.673E-06 1.651E-06 1.642E-06
 1.649E-06 1.657E-06 1.658E-06 1.635E-06 1.617E-06 1.620E-06 1.627E-06 1.634E-06
 1.642E-06
--------------------------------------------------------------------------------
   20 /EREF=3.000E+03 /NREF=3.000E+12
--------------------------------------------------------------------------------
 1.000E+01 2.000E+01 3.000E+01 4.000E+01 5.000E+01 6.000E+01 7.000E+01 8.000E+01
 8.966E+01 1.000E+02 2.000E+02 3.000E+02 4.000E+02 5.000E+02 6.000E+02 7.000E+02
 8.000E+02 8.966E+02 1.000E+03 2.000E+03
--------------------------------------------------------------------------------
 2.499E-06 2.475E-06 2.378E-06 2.278E-06 2.187E-06 2.104E-06 2.031E-06 1.965E-06
 1.907E-06 1.855E-06 1.521E-06 1.340E-06 1.221E-06 1.136E-06 1.069E-06 1.016E-06
 9.726E-07 9.356E-07 9.038E-07 7.238E-07
--------------------------------------------------------------------------------
C
C
C     ADAS FILE TYPE : 	ADF21
C     SOURCE FILE    :  /home/anderson/adas/adf26/bnl99#he/bnl99#he_he2.dat         
C
C     USER ID	     :  anderson        
C
--------------------------------------------------------------------------------
 
C---------------------------------------------------------------------------------
C ADAS ADF21/bms99#he_slow DATA - SCCS info: @(#)$Header: /u/xshare/Attic/repos/codesys/source/adas/data/adf21/bms99#he_slow/gcrc12/gcrc12#he_he2.dat,v 1.1 2009-07-30 05:40:18 Marina Gorelenkova Exp $ Date $Date: 2009-07-30 05:40:18 $
C---------------------------------------------------------------------------------
