    9 /GCRC2=1.804E-06 /SPEC=F  /DATE=06/01/99 /CODE=ADAS313
--------------------------------------------------------------------------------
   25   25 /TREF=1.000E+02
--------------------------------------------------------------------------------
 5.000E+01 1.000E+02 2.000E+02 3.000E+02 4.000E+02 5.000E+02 6.000E+02 7.000E+02
 8.000E+02 9.000E+02 1.000E+03 2.000E+03 3.000E+03 4.000E+03 5.000E+03 6.000E+03
 7.000E+03 8.000E+03 9.000E+03 1.000E+04 1.100E+04 1.200E+04 1.300E+04 1.400E+04
 1.500E+04
 1.000E+11 2.000E+11 3.000E+11 4.000E+11 5.000E+11 6.000E+11 7.000E+11 8.000E+11
 9.000E+11 1.000E+12 2.000E+12 3.000E+12 4.000E+12 5.000E+12 6.000E+12 7.000E+12
 8.000E+12 9.000E+12 1.000E+13 2.000E+13 3.000E+13 4.000E+13 5.000E+13 6.000E+13
 7.000E+13
--------------------------------------------------------------------------------
 1.842E-06 1.843E-06 1.843E-06 1.843E-06 1.844E-06 1.844E-06 1.845E-06 1.845E-06
 1.846E-06 1.846E-06 1.847E-06 1.851E-06 1.858E-06 1.868E-06 1.876E-06 1.884E-06
 1.895E-06 1.906E-06 1.917E-06 1.928E-06 1.940E-06 1.951E-06 1.963E-06 1.974E-06
 1.986E-06
 1.839E-06 1.839E-06 1.839E-06 1.840E-06 1.840E-06 1.841E-06 1.841E-06 1.842E-06
 1.842E-06 1.843E-06 1.843E-06 1.845E-06 1.851E-06 1.861E-06 1.866E-06 1.873E-06
 1.884E-06 1.895E-06 1.906E-06 1.917E-06 1.928E-06 1.939E-06 1.951E-06 1.963E-06
 1.974E-06
 1.837E-06 1.837E-06 1.837E-06 1.838E-06 1.838E-06 1.838E-06 1.839E-06 1.839E-06
 1.840E-06 1.840E-06 1.841E-06 1.841E-06 1.846E-06 1.855E-06 1.858E-06 1.864E-06
 1.875E-06 1.886E-06 1.898E-06 1.908E-06 1.919E-06 1.930E-06 1.942E-06 1.954E-06
 1.965E-06
 1.835E-06 1.835E-06 1.835E-06 1.836E-06 1.836E-06 1.837E-06 1.837E-06 1.837E-06
 1.838E-06 1.838E-06 1.839E-06 1.837E-06 1.842E-06 1.851E-06 1.852E-06 1.857E-06
 1.868E-06 1.879E-06 1.890E-06 1.901E-06 1.911E-06 1.923E-06 1.934E-06 1.946E-06
 1.958E-06
 1.834E-06 1.834E-06 1.834E-06 1.834E-06 1.835E-06 1.835E-06 1.835E-06 1.836E-06
 1.836E-06 1.837E-06 1.837E-06 1.834E-06 1.839E-06 1.848E-06 1.847E-06 1.851E-06
 1.862E-06 1.873E-06 1.884E-06 1.894E-06 1.905E-06 1.916E-06 1.928E-06 1.939E-06
 1.951E-06
 1.832E-06 1.832E-06 1.833E-06 1.833E-06 1.833E-06 1.834E-06 1.834E-06 1.834E-06
 1.835E-06 1.835E-06 1.836E-06 1.832E-06 1.836E-06 1.845E-06 1.842E-06 1.845E-06
 1.856E-06 1.867E-06 1.879E-06 1.888E-06 1.899E-06 1.910E-06 1.922E-06 1.933E-06
 1.945E-06
 1.831E-06 1.831E-06 1.831E-06 1.832E-06 1.832E-06 1.832E-06 1.833E-06 1.833E-06
 1.834E-06 1.834E-06 1.835E-06 1.830E-06 1.833E-06 1.842E-06 1.838E-06 1.840E-06
 1.851E-06 1.862E-06 1.874E-06 1.883E-06 1.893E-06 1.905E-06 1.916E-06 1.928E-06
 1.939E-06
 1.830E-06 1.830E-06 1.830E-06 1.830E-06 1.831E-06 1.831E-06 1.831E-06 1.832E-06
 1.832E-06 1.833E-06 1.833E-06 1.827E-06 1.831E-06 1.840E-06 1.835E-06 1.836E-06
 1.847E-06 1.858E-06 1.869E-06 1.878E-06 1.888E-06 1.899E-06 1.911E-06 1.923E-06
 1.934E-06
 1.829E-06 1.829E-06 1.829E-06 1.829E-06 1.830E-06 1.830E-06 1.830E-06 1.831E-06
 1.831E-06 1.832E-06 1.832E-06 1.826E-06 1.829E-06 1.838E-06 1.831E-06 1.832E-06
 1.843E-06 1.854E-06 1.865E-06 1.874E-06 1.883E-06 1.895E-06 1.906E-06 1.918E-06
 1.929E-06
 1.828E-06 1.828E-06 1.828E-06 1.828E-06 1.828E-06 1.829E-06 1.829E-06 1.830E-06
 1.830E-06 1.830E-06 1.831E-06 1.824E-06 1.827E-06 1.836E-06 1.828E-06 1.828E-06
 1.839E-06 1.850E-06 1.861E-06 1.870E-06 1.879E-06 1.890E-06 1.902E-06 1.913E-06
 1.925E-06
 1.819E-06 1.819E-06 1.819E-06 1.819E-06 1.819E-06 1.820E-06 1.820E-06 1.820E-06
 1.821E-06 1.821E-06 1.821E-06 1.811E-06 1.813E-06 1.822E-06 1.804E-06 1.800E-06
 1.810E-06 1.821E-06 1.832E-06 1.838E-06 1.844E-06 1.856E-06 1.867E-06 1.878E-06
 1.889E-06
 1.812E-06 1.812E-06 1.812E-06 1.812E-06 1.812E-06 1.812E-06 1.813E-06 1.813E-06
 1.813E-06 1.814E-06 1.814E-06 1.802E-06 1.804E-06 1.812E-06 1.788E-06 1.782E-06
 1.792E-06 1.802E-06 1.813E-06 1.815E-06 1.819E-06 1.830E-06 1.841E-06 1.852E-06
 1.863E-06
 1.806E-06 1.806E-06 1.806E-06 1.806E-06 1.806E-06 1.806E-06 1.807E-06 1.807E-06
 1.807E-06 1.808E-06 1.808E-06 1.795E-06 1.796E-06 1.805E-06 1.776E-06 1.768E-06
 1.777E-06 1.788E-06 1.798E-06 1.797E-06 1.799E-06 1.809E-06 1.820E-06 1.830E-06
 1.841E-06
 1.801E-06 1.801E-06 1.801E-06 1.801E-06 1.801E-06 1.801E-06 1.801E-06 1.802E-06
 1.802E-06 1.802E-06 1.802E-06 1.789E-06 1.790E-06 1.799E-06 1.766E-06 1.757E-06
 1.766E-06 1.776E-06 1.786E-06 1.782E-06 1.781E-06 1.791E-06 1.802E-06 1.812E-06
 1.822E-06
 1.796E-06 1.796E-06 1.796E-06 1.796E-06 1.796E-06 1.796E-06 1.796E-06 1.797E-06
 1.797E-06 1.797E-06 1.798E-06 1.784E-06 1.785E-06 1.793E-06 1.757E-06 1.747E-06
 1.756E-06 1.765E-06 1.775E-06 1.768E-06 1.765E-06 1.775E-06 1.785E-06 1.795E-06
 1.805E-06
 1.791E-06 1.791E-06 1.791E-06 1.791E-06 1.792E-06 1.792E-06 1.792E-06 1.792E-06
 1.793E-06 1.793E-06 1.793E-06 1.780E-06 1.781E-06 1.789E-06 1.750E-06 1.739E-06
 1.747E-06 1.757E-06 1.766E-06 1.756E-06 1.751E-06 1.760E-06 1.770E-06 1.780E-06
 1.790E-06
 1.787E-06 1.787E-06 1.787E-06 1.787E-06 1.788E-06 1.788E-06 1.788E-06 1.788E-06
 1.788E-06 1.789E-06 1.789E-06 1.775E-06 1.777E-06 1.784E-06 1.743E-06 1.731E-06
 1.740E-06 1.749E-06 1.758E-06 1.745E-06 1.737E-06 1.747E-06 1.756E-06 1.766E-06
 1.775E-06
 1.784E-06 1.783E-06 1.783E-06 1.784E-06 1.784E-06 1.784E-06 1.784E-06 1.784E-06
 1.785E-06 1.785E-06 1.785E-06 1.772E-06 1.773E-06 1.780E-06 1.737E-06 1.725E-06
 1.733E-06 1.741E-06 1.750E-06 1.734E-06 1.725E-06 1.734E-06 1.743E-06 1.752E-06
 1.762E-06
 1.780E-06 1.780E-06 1.780E-06 1.780E-06 1.780E-06 1.780E-06 1.780E-06 1.781E-06
 1.781E-06 1.781E-06 1.781E-06 1.768E-06 1.769E-06 1.777E-06 1.731E-06 1.719E-06
 1.726E-06 1.735E-06 1.743E-06 1.725E-06 1.713E-06 1.722E-06 1.731E-06 1.740E-06
 1.749E-06
 1.751E-06 1.751E-06 1.751E-06 1.751E-06 1.751E-06 1.751E-06 1.751E-06 1.751E-06
 1.751E-06 1.752E-06 1.752E-06 1.739E-06 1.741E-06 1.747E-06 1.690E-06 1.676E-06
 1.681E-06 1.688E-06 1.694E-06 1.649E-06 1.617E-06 1.624E-06 1.632E-06 1.639E-06
 1.647E-06
 1.727E-06 1.727E-06 1.727E-06 1.727E-06 1.727E-06 1.728E-06 1.728E-06 1.728E-06
 1.728E-06 1.728E-06 1.728E-06 1.717E-06 1.718E-06 1.723E-06 1.661E-06 1.647E-06
 1.652E-06 1.657E-06 1.662E-06 1.592E-06 1.543E-06 1.549E-06 1.556E-06 1.562E-06
 1.568E-06
 1.707E-06 1.707E-06 1.707E-06 1.707E-06 1.707E-06 1.707E-06 1.707E-06 1.707E-06
 1.708E-06 1.708E-06 1.708E-06 1.696E-06 1.697E-06 1.702E-06 1.638E-06 1.624E-06
 1.628E-06 1.633E-06 1.637E-06 1.544E-06 1.480E-06 1.486E-06 1.491E-06 1.497E-06
 1.503E-06
 1.689E-06 1.689E-06 1.689E-06 1.689E-06 1.689E-06 1.689E-06 1.689E-06 1.689E-06
 1.689E-06 1.689E-06 1.689E-06 1.678E-06 1.679E-06 1.683E-06 1.618E-06 1.605E-06
 1.609E-06 1.612E-06 1.616E-06 1.501E-06 1.425E-06 1.430E-06 1.435E-06 1.440E-06
 1.445E-06
 1.672E-06 1.671E-06 1.671E-06 1.671E-06 1.671E-06 1.672E-06 1.672E-06 1.672E-06
 1.672E-06 1.672E-06 1.672E-06 1.661E-06 1.661E-06 1.665E-06 1.600E-06 1.588E-06
 1.591E-06 1.594E-06 1.597E-06 1.462E-06 1.374E-06 1.379E-06 1.384E-06 1.388E-06
 1.393E-06
 1.655E-06 1.655E-06 1.655E-06 1.655E-06 1.655E-06 1.655E-06 1.655E-06 1.655E-06
 1.655E-06 1.656E-06 1.656E-06 1.645E-06 1.645E-06 1.648E-06 1.584E-06 1.572E-06
 1.575E-06 1.578E-06 1.580E-06 1.426E-06 1.329E-06 1.333E-06 1.337E-06 1.342E-06
 1.346E-06
--------------------------------------------------------------------------------
   20 /EREF=3.000E+03 /NREF=3.000E+12
--------------------------------------------------------------------------------
 1.000E+01 2.000E+01 3.000E+01 4.000E+01 5.000E+01 6.000E+01 7.000E+01 8.000E+01
 8.966E+01 1.000E+02 2.000E+02 3.000E+02 4.000E+02 5.000E+02 6.000E+02 7.000E+02
 8.000E+02 8.966E+02 1.000E+03 2.000E+03
--------------------------------------------------------------------------------
 2.457E-06 2.428E-06 2.328E-06 2.228E-06 2.136E-06 2.053E-06 1.979E-06 1.914E-06
 1.856E-06 1.804E-06 1.470E-06 1.289E-06 1.170E-06 1.084E-06 1.017E-06 9.636E-07
 9.193E-07 8.817E-07 8.493E-07 6.625E-07
--------------------------------------------------------------------------------
C
C
C     ADAS FILE TYPE : 	ADF21
C     SOURCE FILE    :  /home/anderson/adas/adf26/bnl99#he/bnl99#he_f9.dat          
C
C     USER ID	     :  anderson        
C
--------------------------------------------------------------------------------
 
C---------------------------------------------------------------------------------
C ADAS ADF21/bms99#he_slow DATA - SCCS info: @(#)$Header: /u/xshare/Attic/repos/codesys/source/adas/data/adf21/bms99#he_slow/gcrc12/gcrc12#he_f9.dat,v 1.1 2009-07-30 05:40:18 Marina Gorelenkova Exp $ Date $Date: 2009-07-30 05:40:18 $
C---------------------------------------------------------------------------------
