   18 /SCREF=2.452E-07 /SPEC=AR /DATE=08/09/99 /CODE=ADAS312
--------------------------------------------------------------------------------
   25   25 /TREF=2.000E+03
--------------------------------------------------------------------------------
 5.000E+03 1.000E+04 1.500E+04 2.000E+04 2.500E+04 3.000E+04 3.500E+04 4.000E+04
 4.500E+04 5.000E+04 5.500E+04 6.000E+04 6.500E+04 7.000E+04 7.500E+04 8.000E+04
 8.500E+04 9.000E+04 9.500E+04 1.000E+05 1.050E+05 1.100E+05 1.150E+05 1.200E+05
 1.250E+05
 1.000E+12 2.000E+12 3.000E+12 5.000E+12 6.000E+12 7.000E+12 8.000E+12 9.000E+12
 1.000E+13 2.000E+13 3.000E+13 5.000E+13 6.000E+13 7.000E+13 8.000E+13 9.000E+13
 1.000E+14 2.000E+14 3.000E+14 5.000E+14 6.000E+14 7.000E+14 8.000E+14 9.000E+14
 1.000E+15
--------------------------------------------------------------------------------
 9.236E-08 1.155E-07 1.322E-07 1.468E-07 1.594E-07 1.710E-07 1.811E-07 1.906E-07
 1.996E-07 2.081E-07 2.155E-07 2.225E-07 2.295E-07 2.358E-07 2.396E-07 2.429E-07
 2.464E-07 2.503E-07 2.543E-07 2.565E-07 2.544E-07 2.513E-07 2.492E-07 2.479E-07
 2.475E-07
 9.278E-08 1.162E-07 1.328E-07 1.473E-07 1.600E-07 1.717E-07 1.819E-07 1.915E-07
 2.006E-07 2.092E-07 2.166E-07 2.238E-07 2.309E-07 2.371E-07 2.411E-07 2.444E-07
 2.480E-07 2.520E-07 2.560E-07 2.583E-07 2.563E-07 2.534E-07 2.513E-07 2.502E-07
 2.499E-07
 9.311E-08 1.166E-07 1.332E-07 1.476E-07 1.604E-07 1.722E-07 1.825E-07 1.922E-07
 2.014E-07 2.101E-07 2.176E-07 2.247E-07 2.319E-07 2.382E-07 2.422E-07 2.457E-07
 2.493E-07 2.533E-07 2.574E-07 2.598E-07 2.579E-07 2.550E-07 2.530E-07 2.520E-07
 2.518E-07
 9.361E-08 1.171E-07 1.335E-07 1.480E-07 1.609E-07 1.729E-07 1.834E-07 1.933E-07
 2.027E-07 2.115E-07 2.191E-07 2.264E-07 2.336E-07 2.401E-07 2.441E-07 2.476E-07
 2.514E-07 2.554E-07 2.597E-07 2.621E-07 2.603E-07 2.576E-07 2.557E-07 2.548E-07
 2.548E-07
 9.381E-08 1.173E-07 1.337E-07 1.482E-07 1.612E-07 1.733E-07 1.838E-07 1.938E-07
 2.032E-07 2.121E-07 2.198E-07 2.271E-07 2.344E-07 2.408E-07 2.449E-07 2.485E-07
 2.523E-07 2.563E-07 2.606E-07 2.631E-07 2.613E-07 2.586E-07 2.568E-07 2.560E-07
 2.560E-07
 9.399E-08 1.174E-07 1.338E-07 1.484E-07 1.614E-07 1.736E-07 1.842E-07 1.943E-07
 2.037E-07 2.127E-07 2.204E-07 2.277E-07 2.350E-07 2.415E-07 2.456E-07 2.492E-07
 2.530E-07 2.571E-07 2.614E-07 2.640E-07 2.622E-07 2.595E-07 2.578E-07 2.570E-07
 2.570E-07
 9.415E-08 1.175E-07 1.339E-07 1.485E-07 1.616E-07 1.739E-07 1.846E-07 1.947E-07
 2.042E-07 2.132E-07 2.209E-07 2.283E-07 2.357E-07 2.422E-07 2.463E-07 2.499E-07
 2.537E-07 2.578E-07 2.622E-07 2.647E-07 2.630E-07 2.604E-07 2.587E-07 2.579E-07
 2.580E-07
 9.429E-08 1.177E-07 1.340E-07 1.487E-07 1.619E-07 1.742E-07 1.850E-07 1.951E-07
 2.047E-07 2.137E-07 2.214E-07 2.289E-07 2.362E-07 2.427E-07 2.469E-07 2.505E-07
 2.543E-07 2.585E-07 2.628E-07 2.654E-07 2.637E-07 2.611E-07 2.594E-07 2.587E-07
 2.589E-07
 9.442E-08 1.178E-07 1.341E-07 1.488E-07 1.621E-07 1.745E-07 1.853E-07 1.955E-07
 2.051E-07 2.142E-07 2.219E-07 2.294E-07 2.367E-07 2.433E-07 2.474E-07 2.511E-07
 2.549E-07 2.591E-07 2.634E-07 2.661E-07 2.644E-07 2.618E-07 2.602E-07 2.595E-07
 2.596E-07
 9.536E-08 1.185E-07 1.350E-07 1.501E-07 1.639E-07 1.769E-07 1.881E-07 1.986E-07
 2.084E-07 2.175E-07 2.254E-07 2.329E-07 2.403E-07 2.469E-07 2.511E-07 2.548E-07
 2.587E-07 2.630E-07 2.674E-07 2.702E-07 2.686E-07 2.662E-07 2.647E-07 2.642E-07
 2.646E-07
 9.600E-08 1.191E-07 1.357E-07 1.512E-07 1.653E-07 1.786E-07 1.900E-07 2.006E-07
 2.104E-07 2.196E-07 2.275E-07 2.350E-07 2.424E-07 2.489E-07 2.532E-07 2.569E-07
 2.608E-07 2.650E-07 2.695E-07 2.723E-07 2.708E-07 2.685E-07 2.671E-07 2.667E-07
 2.672E-07
 9.698E-08 1.202E-07 1.369E-07 1.530E-07 1.676E-07 1.811E-07 1.925E-07 2.031E-07
 2.129E-07 2.220E-07 2.298E-07 2.372E-07 2.446E-07 2.511E-07 2.553E-07 2.590E-07
 2.629E-07 2.671E-07 2.717E-07 2.745E-07 2.731E-07 2.708E-07 2.695E-07 2.692E-07
 2.698E-07
 9.740E-08 1.206E-07 1.375E-07 1.537E-07 1.684E-07 1.820E-07 1.934E-07 2.039E-07
 2.137E-07 2.228E-07 2.305E-07 2.379E-07 2.452E-07 2.518E-07 2.560E-07 2.596E-07
 2.635E-07 2.678E-07 2.723E-07 2.751E-07 2.738E-07 2.715E-07 2.702E-07 2.699E-07
 2.706E-07
 9.779E-08 1.211E-07 1.380E-07 1.544E-07 1.692E-07 1.827E-07 1.941E-07 2.046E-07
 2.143E-07 2.233E-07 2.311E-07 2.385E-07 2.458E-07 2.523E-07 2.565E-07 2.601E-07
 2.640E-07 2.682E-07 2.728E-07 2.756E-07 2.743E-07 2.720E-07 2.707E-07 2.705E-07
 2.711E-07
 9.815E-08 1.215E-07 1.385E-07 1.550E-07 1.698E-07 1.834E-07 1.947E-07 2.051E-07
 2.148E-07 2.238E-07 2.315E-07 2.389E-07 2.462E-07 2.527E-07 2.568E-07 2.605E-07
 2.644E-07 2.686E-07 2.732E-07 2.760E-07 2.747E-07 2.724E-07 2.712E-07 2.709E-07
 2.716E-07
 9.850E-08 1.218E-07 1.389E-07 1.556E-07 1.704E-07 1.839E-07 1.952E-07 2.056E-07
 2.152E-07 2.242E-07 2.319E-07 2.392E-07 2.465E-07 2.530E-07 2.572E-07 2.608E-07
 2.647E-07 2.689E-07 2.735E-07 2.763E-07 2.750E-07 2.727E-07 2.715E-07 2.712E-07
 2.719E-07
 9.882E-08 1.222E-07 1.394E-07 1.561E-07 1.709E-07 1.844E-07 1.956E-07 2.060E-07
 2.156E-07 2.245E-07 2.322E-07 2.395E-07 2.468E-07 2.533E-07 2.574E-07 2.610E-07
 2.649E-07 2.692E-07 2.737E-07 2.766E-07 2.752E-07 2.730E-07 2.718E-07 2.715E-07
 2.722E-07
 1.014E-07 1.250E-07 1.425E-07 1.593E-07 1.739E-07 1.870E-07 1.979E-07 2.080E-07
 2.174E-07 2.262E-07 2.337E-07 2.409E-07 2.481E-07 2.545E-07 2.587E-07 2.623E-07
 2.661E-07 2.703E-07 2.749E-07 2.778E-07 2.764E-07 2.743E-07 2.731E-07 2.729E-07
 2.736E-07
 1.032E-07 1.269E-07 1.444E-07 1.611E-07 1.754E-07 1.881E-07 1.989E-07 2.088E-07
 2.181E-07 2.268E-07 2.343E-07 2.415E-07 2.486E-07 2.550E-07 2.591E-07 2.627E-07
 2.666E-07 2.708E-07 2.753E-07 2.782E-07 2.769E-07 2.747E-07 2.735E-07 2.734E-07
 2.741E-07
 1.057E-07 1.293E-07 1.466E-07 1.629E-07 1.767E-07 1.891E-07 1.997E-07 2.095E-07
 2.187E-07 2.273E-07 2.348E-07 2.419E-07 2.490E-07 2.554E-07 2.595E-07 2.631E-07
 2.669E-07 2.711E-07 2.757E-07 2.786E-07 2.773E-07 2.751E-07 2.739E-07 2.738E-07
 2.745E-07
 1.065E-07 1.301E-07 1.474E-07 1.634E-07 1.771E-07 1.894E-07 1.999E-07 2.096E-07
 2.188E-07 2.275E-07 2.349E-07 2.420E-07 2.491E-07 2.555E-07 2.596E-07 2.632E-07
 2.670E-07 2.712E-07 2.758E-07 2.786E-07 2.773E-07 2.752E-07 2.740E-07 2.739E-07
 2.746E-07
 1.072E-07 1.308E-07 1.479E-07 1.638E-07 1.774E-07 1.896E-07 2.001E-07 2.098E-07
 2.190E-07 2.276E-07 2.350E-07 2.421E-07 2.492E-07 2.556E-07 2.597E-07 2.632E-07
 2.671E-07 2.713E-07 2.758E-07 2.787E-07 2.774E-07 2.753E-07 2.741E-07 2.739E-07
 2.747E-07
 1.078E-07 1.313E-07 1.484E-07 1.641E-07 1.776E-07 1.898E-07 2.002E-07 2.099E-07
 2.190E-07 2.276E-07 2.350E-07 2.422E-07 2.493E-07 2.556E-07 2.597E-07 2.633E-07
 2.671E-07 2.713E-07 2.759E-07 2.788E-07 2.775E-07 2.753E-07 2.741E-07 2.740E-07
 2.747E-07
 1.083E-07 1.317E-07 1.487E-07 1.644E-07 1.778E-07 1.899E-07 2.003E-07 2.099E-07
 2.191E-07 2.277E-07 2.351E-07 2.422E-07 2.493E-07 2.557E-07 2.598E-07 2.633E-07
 2.672E-07 2.714E-07 2.759E-07 2.788E-07 2.775E-07 2.753E-07 2.742E-07 2.740E-07
 2.748E-07
 1.087E-07 1.321E-07 1.490E-07 1.646E-07 1.779E-07 1.900E-07 2.003E-07 2.100E-07
 2.192E-07 2.277E-07 2.351E-07 2.423E-07 2.494E-07 2.557E-07 2.598E-07 2.634E-07
 2.672E-07 2.714E-07 2.759E-07 2.788E-07 2.775E-07 2.754E-07 2.742E-07 2.741E-07
 2.748E-07
--------------------------------------------------------------------------------
   20 /EREF=6.500E+04 /NREF=6.000E+13
--------------------------------------------------------------------------------
 1.000E+02 2.000E+02 3.000E+02 5.000E+02 6.000E+02 7.000E+02 8.000E+02 8.966E+02
 1.000E+03 2.000E+03 3.000E+03 5.000E+03 6.000E+03 7.000E+03 8.000E+03 8.966E+03
 1.000E+04 2.000E+04 3.000E+04 5.000E+04
--------------------------------------------------------------------------------
 2.729E-07 2.729E-07 2.700E-07 2.641E-07 2.617E-07 2.595E-07 2.576E-07 2.560E-07
 2.544E-07 2.452E-07 2.404E-07 2.349E-07 2.331E-07 2.317E-07 2.304E-07 2.294E-07
 2.285E-07 2.232E-07 2.207E-07 2.180E-07
--------------------------------------------------------------------------------
C
C
C     ADAS FILE TYPE : 	ADF21
C     SOURCE FILE    :  /disk3/anderson/adas/adf26/bdn99#h/bdn99#h_ar18.dat         
C
C     USER ID	     :  anderson        
C
--------------------------------------------------------------------------------
 
C---------------------------------------------------------------------------------
C ADAS ADF21 DATA - SCCS info: @(#)$Header: /u/xshare/Attic/repos/codesys/source/adas/data/adf21/bms99#h/bms99#h_ar18.dat,v 1.1 2009-07-30 05:14:52 Marina Gorelenkova Exp $ Date $Date: 2009-07-30 05:14:52 $
C---------------------------------------------------------------------------------
