   26 /SCREF=1.448E-07 /SPEC=FE /DATE=08/09/99 /CODE=ADAS312
--------------------------------------------------------------------------------
   25   25 /TREF=2.000E+03
--------------------------------------------------------------------------------
 5.000E+03 1.000E+04 1.500E+04 2.000E+04 2.500E+04 3.000E+04 3.500E+04 4.000E+04
 4.500E+04 5.000E+04 5.500E+04 6.000E+04 6.500E+04 7.000E+04 7.500E+04 8.000E+04
 8.500E+04 9.000E+04 9.500E+04 1.000E+05 1.050E+05 1.100E+05 1.150E+05 1.200E+05
 1.250E+05
 1.000E+12 2.000E+12 3.000E+12 5.000E+12 6.000E+12 7.000E+12 8.000E+12 9.000E+12
 1.000E+13 2.000E+13 3.000E+13 5.000E+13 6.000E+13 7.000E+13 8.000E+13 9.000E+13
 1.000E+14 2.000E+14 3.000E+14 5.000E+14 6.000E+14 7.000E+14 8.000E+14 9.000E+14
 1.000E+15
--------------------------------------------------------------------------------
 8.041E-08 9.771E-08 1.056E-07 1.092E-07 1.095E-07 1.114E-07 1.111E-07 1.129E-07
 1.160E-07 1.202E-07 1.228E-07 1.264E-07 1.303E-07 1.340E-07 1.352E-07 1.367E-07
 1.381E-07 1.399E-07 1.424E-07 1.450E-07 1.470E-07 1.489E-07 1.509E-07 1.529E-07
 1.550E-07
 8.118E-08 9.875E-08 1.068E-07 1.104E-07 1.107E-07 1.126E-07 1.124E-07 1.141E-07
 1.172E-07 1.215E-07 1.240E-07 1.275E-07 1.315E-07 1.352E-07 1.364E-07 1.378E-07
 1.392E-07 1.410E-07 1.435E-07 1.460E-07 1.481E-07 1.500E-07 1.520E-07 1.541E-07
 1.561E-07
 8.169E-08 9.947E-08 1.077E-07 1.113E-07 1.117E-07 1.135E-07 1.133E-07 1.150E-07
 1.181E-07 1.223E-07 1.248E-07 1.284E-07 1.324E-07 1.361E-07 1.372E-07 1.386E-07
 1.400E-07 1.419E-07 1.443E-07 1.469E-07 1.489E-07 1.508E-07 1.528E-07 1.549E-07
 1.570E-07
 8.239E-08 1.005E-07 1.089E-07 1.127E-07 1.131E-07 1.149E-07 1.147E-07 1.164E-07
 1.195E-07 1.237E-07 1.262E-07 1.298E-07 1.337E-07 1.374E-07 1.385E-07 1.399E-07
 1.413E-07 1.431E-07 1.455E-07 1.481E-07 1.502E-07 1.521E-07 1.541E-07 1.562E-07
 1.583E-07
 8.265E-08 1.009E-07 1.095E-07 1.132E-07 1.136E-07 1.155E-07 1.153E-07 1.170E-07
 1.201E-07 1.243E-07 1.268E-07 1.303E-07 1.342E-07 1.379E-07 1.391E-07 1.404E-07
 1.418E-07 1.436E-07 1.461E-07 1.486E-07 1.507E-07 1.526E-07 1.546E-07 1.567E-07
 1.588E-07
 8.288E-08 1.013E-07 1.099E-07 1.138E-07 1.142E-07 1.160E-07 1.158E-07 1.175E-07
 1.206E-07 1.248E-07 1.273E-07 1.308E-07 1.347E-07 1.384E-07 1.396E-07 1.409E-07
 1.423E-07 1.441E-07 1.465E-07 1.491E-07 1.512E-07 1.531E-07 1.551E-07 1.572E-07
 1.593E-07
 8.309E-08 1.017E-07 1.104E-07 1.142E-07 1.146E-07 1.165E-07 1.163E-07 1.180E-07
 1.211E-07 1.252E-07 1.277E-07 1.313E-07 1.352E-07 1.389E-07 1.400E-07 1.414E-07
 1.427E-07 1.446E-07 1.470E-07 1.495E-07 1.516E-07 1.536E-07 1.556E-07 1.577E-07
 1.598E-07
 8.328E-08 1.020E-07 1.108E-07 1.147E-07 1.151E-07 1.169E-07 1.167E-07 1.184E-07
 1.215E-07 1.257E-07 1.281E-07 1.317E-07 1.356E-07 1.393E-07 1.404E-07 1.418E-07
 1.431E-07 1.450E-07 1.474E-07 1.499E-07 1.520E-07 1.540E-07 1.560E-07 1.581E-07
 1.602E-07
 8.345E-08 1.023E-07 1.111E-07 1.151E-07 1.155E-07 1.174E-07 1.171E-07 1.188E-07
 1.219E-07 1.261E-07 1.285E-07 1.321E-07 1.360E-07 1.397E-07 1.408E-07 1.422E-07
 1.435E-07 1.454E-07 1.478E-07 1.503E-07 1.524E-07 1.544E-07 1.564E-07 1.585E-07
 1.606E-07
 8.478E-08 1.047E-07 1.140E-07 1.181E-07 1.186E-07 1.204E-07 1.202E-07 1.219E-07
 1.249E-07 1.291E-07 1.315E-07 1.351E-07 1.390E-07 1.427E-07 1.438E-07 1.452E-07
 1.465E-07 1.483E-07 1.507E-07 1.533E-07 1.553E-07 1.573E-07 1.594E-07 1.615E-07
 1.636E-07
 8.578E-08 1.064E-07 1.160E-07 1.201E-07 1.206E-07 1.225E-07 1.222E-07 1.239E-07
 1.270E-07 1.311E-07 1.336E-07 1.372E-07 1.411E-07 1.447E-07 1.459E-07 1.472E-07
 1.485E-07 1.503E-07 1.527E-07 1.553E-07 1.574E-07 1.594E-07 1.615E-07 1.636E-07
 1.658E-07
 8.739E-08 1.088E-07 1.185E-07 1.226E-07 1.231E-07 1.250E-07 1.248E-07 1.266E-07
 1.297E-07 1.338E-07 1.363E-07 1.399E-07 1.438E-07 1.475E-07 1.487E-07 1.500E-07
 1.514E-07 1.532E-07 1.556E-07 1.582E-07 1.603E-07 1.623E-07 1.644E-07 1.666E-07
 1.688E-07
 8.806E-08 1.097E-07 1.193E-07 1.235E-07 1.240E-07 1.259E-07 1.257E-07 1.275E-07
 1.306E-07 1.348E-07 1.373E-07 1.409E-07 1.448E-07 1.485E-07 1.497E-07 1.510E-07
 1.524E-07 1.542E-07 1.566E-07 1.592E-07 1.614E-07 1.634E-07 1.655E-07 1.677E-07
 1.699E-07
 8.868E-08 1.104E-07 1.200E-07 1.241E-07 1.247E-07 1.266E-07 1.265E-07 1.282E-07
 1.314E-07 1.356E-07 1.381E-07 1.417E-07 1.456E-07 1.494E-07 1.505E-07 1.519E-07
 1.532E-07 1.551E-07 1.575E-07 1.601E-07 1.622E-07 1.643E-07 1.664E-07 1.686E-07
 1.708E-07
 8.923E-08 1.111E-07 1.206E-07 1.247E-07 1.252E-07 1.272E-07 1.271E-07 1.288E-07
 1.320E-07 1.362E-07 1.387E-07 1.424E-07 1.463E-07 1.500E-07 1.512E-07 1.526E-07
 1.540E-07 1.558E-07 1.582E-07 1.608E-07 1.630E-07 1.650E-07 1.672E-07 1.694E-07
 1.716E-07
 8.975E-08 1.116E-07 1.211E-07 1.252E-07 1.257E-07 1.277E-07 1.276E-07 1.294E-07
 1.326E-07 1.368E-07 1.393E-07 1.429E-07 1.469E-07 1.506E-07 1.518E-07 1.532E-07
 1.546E-07 1.564E-07 1.588E-07 1.615E-07 1.637E-07 1.657E-07 1.679E-07 1.701E-07
 1.723E-07
 9.022E-08 1.121E-07 1.215E-07 1.256E-07 1.261E-07 1.281E-07 1.280E-07 1.298E-07
 1.330E-07 1.373E-07 1.398E-07 1.434E-07 1.474E-07 1.512E-07 1.524E-07 1.538E-07
 1.551E-07 1.570E-07 1.594E-07 1.620E-07 1.642E-07 1.663E-07 1.684E-07 1.707E-07
 1.729E-07
 9.350E-08 1.148E-07 1.238E-07 1.277E-07 1.283E-07 1.303E-07 1.303E-07 1.322E-07
 1.356E-07 1.399E-07 1.425E-07 1.462E-07 1.503E-07 1.541E-07 1.553E-07 1.567E-07
 1.582E-07 1.601E-07 1.625E-07 1.652E-07 1.675E-07 1.696E-07 1.718E-07 1.741E-07
 1.765E-07
 9.536E-08 1.160E-07 1.247E-07 1.286E-07 1.291E-07 1.312E-07 1.312E-07 1.332E-07
 1.366E-07 1.410E-07 1.436E-07 1.474E-07 1.515E-07 1.553E-07 1.566E-07 1.580E-07
 1.595E-07 1.614E-07 1.639E-07 1.667E-07 1.689E-07 1.711E-07 1.733E-07 1.757E-07
 1.780E-07
 9.740E-08 1.171E-07 1.255E-07 1.294E-07 1.299E-07 1.320E-07 1.321E-07 1.341E-07
 1.375E-07 1.420E-07 1.447E-07 1.484E-07 1.526E-07 1.564E-07 1.577E-07 1.592E-07
 1.607E-07 1.627E-07 1.652E-07 1.680E-07 1.703E-07 1.725E-07 1.748E-07 1.771E-07
 1.795E-07
 9.803E-08 1.174E-07 1.258E-07 1.296E-07 1.301E-07 1.322E-07 1.323E-07 1.343E-07
 1.378E-07 1.422E-07 1.449E-07 1.487E-07 1.529E-07 1.567E-07 1.580E-07 1.595E-07
 1.610E-07 1.630E-07 1.655E-07 1.683E-07 1.706E-07 1.728E-07 1.751E-07 1.775E-07
 1.799E-07
 9.850E-08 1.176E-07 1.259E-07 1.297E-07 1.303E-07 1.324E-07 1.324E-07 1.345E-07
 1.380E-07 1.424E-07 1.451E-07 1.489E-07 1.531E-07 1.569E-07 1.583E-07 1.598E-07
 1.613E-07 1.633E-07 1.658E-07 1.686E-07 1.709E-07 1.731E-07 1.754E-07 1.778E-07
 1.802E-07
 9.888E-08 1.178E-07 1.260E-07 1.298E-07 1.304E-07 1.325E-07 1.326E-07 1.346E-07
 1.381E-07 1.426E-07 1.453E-07 1.491E-07 1.532E-07 1.571E-07 1.584E-07 1.600E-07
 1.615E-07 1.634E-07 1.660E-07 1.688E-07 1.711E-07 1.733E-07 1.756E-07 1.780E-07
 1.804E-07
 9.919E-08 1.179E-07 1.261E-07 1.299E-07 1.304E-07 1.326E-07 1.327E-07 1.347E-07
 1.382E-07 1.427E-07 1.454E-07 1.492E-07 1.534E-07 1.572E-07 1.586E-07 1.601E-07
 1.616E-07 1.636E-07 1.662E-07 1.689E-07 1.713E-07 1.735E-07 1.758E-07 1.782E-07
 1.806E-07
 9.944E-08 1.180E-07 1.262E-07 1.300E-07 1.305E-07 1.327E-07 1.327E-07 1.348E-07
 1.383E-07 1.428E-07 1.455E-07 1.493E-07 1.535E-07 1.574E-07 1.587E-07 1.602E-07
 1.617E-07 1.637E-07 1.663E-07 1.691E-07 1.714E-07 1.736E-07 1.759E-07 1.783E-07
 1.808E-07
--------------------------------------------------------------------------------
   20 /EREF=6.500E+04 /NREF=6.000E+13
--------------------------------------------------------------------------------
 1.000E+02 2.000E+02 3.000E+02 5.000E+02 6.000E+02 7.000E+02 8.000E+02 8.966E+02
 1.000E+03 2.000E+03 3.000E+03 5.000E+03 6.000E+03 7.000E+03 8.000E+03 8.966E+03
 1.000E+04 2.000E+04 3.000E+04 5.000E+04
--------------------------------------------------------------------------------
 1.694E-07 1.692E-07 1.666E-07 1.614E-07 1.593E-07 1.574E-07 1.557E-07 1.543E-07
 1.529E-07 1.448E-07 1.406E-07 1.357E-07 1.341E-07 1.329E-07 1.318E-07 1.309E-07
 1.301E-07 1.254E-07 1.232E-07 1.208E-07
--------------------------------------------------------------------------------
C
C
C     ADAS FILE TYPE : 	ADF21
C     SOURCE FILE    :  /disk3/anderson/adas/adf26/bdn99#h/bdn99#h_fe26.dat         
C
C     USER ID	     :  anderson        
C
--------------------------------------------------------------------------------
 
C---------------------------------------------------------------------------------
C ADAS ADF21 DATA - SCCS info: @(#)$Header: /u/xshare/Attic/repos/codesys/source/adas/data/adf21/bms99#h/bms99#h_fe26.dat,v 1.1 2009-07-30 05:14:52 Marina Gorelenkova Exp $ Date $Date: 2009-07-30 05:14:52 $
C---------------------------------------------------------------------------------
