    3 /SVREF=1.666E-07 /SPEC=LI /DATE=08/04/04 /CODE=ADAS310
--------------------------------------------------------------------------------
   25   25 /TREF=2.000E+03
--------------------------------------------------------------------------------
 5.000E+04 1.000E+05 1.500E+05 2.000E+05 3.000E+05 4.000E+05 4.500E+05 5.000E+05
 6.000E+05 7.000E+05 8.000E+05 9.000E+05 1.000E+06 1.050E+06 1.100E+06 1.150E+06
 1.200E+06 1.250E+06 1.300E+06 1.400E+06 1.500E+06 1.600E+06 1.700E+06 1.800E+06
 2.000E+07
 1.000E+12 2.000E+12 3.000E+12 5.000E+12 6.000E+12 7.000E+12 8.000E+12 9.000E+12
 1.000E+13 2.000E+13 3.000E+13 5.000E+13 6.000E+13 7.000E+13 8.000E+13 9.000E+13
 1.000E+14 2.000E+14 3.000E+14 5.000E+14 6.000E+14 7.000E+14 8.000E+14 9.000E+14
 1.000E+15
--------------------------------------------------------------------------------
 1.431E-07 1.797E-07 2.151E-07 2.277E-07 2.134E-07 1.923E-07 1.841E-07 1.774E-07
 1.692E-07 1.624E-07 1.535E-07 1.458E-07 1.393E-07 1.364E-07 1.336E-07 1.311E-07
 1.287E-07 1.265E-07 1.244E-07 1.206E-07 1.171E-07 1.140E-07 1.111E-07 1.085E-07
 4.583E-08
 1.443E-07 1.814E-07 2.171E-07 2.297E-07 2.154E-07 1.942E-07 1.859E-07 1.792E-07
 1.708E-07 1.640E-07 1.550E-07 1.473E-07 1.407E-07 1.377E-07 1.350E-07 1.324E-07
 1.300E-07 1.278E-07 1.256E-07 1.217E-07 1.182E-07 1.151E-07 1.122E-07 1.096E-07
 4.626E-08
 1.453E-07 1.829E-07 2.187E-07 2.314E-07 2.171E-07 1.958E-07 1.875E-07 1.807E-07
 1.723E-07 1.654E-07 1.563E-07 1.485E-07 1.419E-07 1.389E-07 1.361E-07 1.335E-07
 1.311E-07 1.288E-07 1.266E-07 1.227E-07 1.192E-07 1.160E-07 1.131E-07 1.104E-07
 4.659E-08
 1.468E-07 1.852E-07 2.214E-07 2.343E-07 2.198E-07 1.984E-07 1.900E-07 1.831E-07
 1.747E-07 1.677E-07 1.586E-07 1.506E-07 1.439E-07 1.408E-07 1.380E-07 1.353E-07
 1.329E-07 1.305E-07 1.284E-07 1.243E-07 1.207E-07 1.175E-07 1.145E-07 1.118E-07
 4.711E-08
 1.474E-07 1.861E-07 2.226E-07 2.355E-07 2.210E-07 1.996E-07 1.911E-07 1.842E-07
 1.757E-07 1.687E-07 1.595E-07 1.516E-07 1.447E-07 1.417E-07 1.388E-07 1.362E-07
 1.337E-07 1.313E-07 1.291E-07 1.251E-07 1.214E-07 1.182E-07 1.152E-07 1.125E-07
 4.734E-08
 1.480E-07 1.870E-07 2.237E-07 2.366E-07 2.222E-07 2.006E-07 1.922E-07 1.852E-07
 1.767E-07 1.696E-07 1.604E-07 1.524E-07 1.456E-07 1.425E-07 1.396E-07 1.369E-07
 1.344E-07 1.320E-07 1.298E-07 1.257E-07 1.221E-07 1.188E-07 1.158E-07 1.130E-07
 4.755E-08
 1.485E-07 1.879E-07 2.246E-07 2.377E-07 2.232E-07 2.016E-07 1.931E-07 1.862E-07
 1.776E-07 1.705E-07 1.613E-07 1.533E-07 1.463E-07 1.432E-07 1.403E-07 1.376E-07
 1.351E-07 1.327E-07 1.305E-07 1.264E-07 1.227E-07 1.194E-07 1.164E-07 1.136E-07
 4.774E-08
 1.490E-07 1.886E-07 2.256E-07 2.386E-07 2.241E-07 2.026E-07 1.941E-07 1.871E-07
 1.784E-07 1.713E-07 1.621E-07 1.540E-07 1.471E-07 1.439E-07 1.410E-07 1.383E-07
 1.357E-07 1.334E-07 1.311E-07 1.270E-07 1.233E-07 1.199E-07 1.169E-07 1.141E-07
 4.792E-08
 1.494E-07 1.894E-07 2.264E-07 2.396E-07 2.251E-07 2.034E-07 1.949E-07 1.879E-07
 1.792E-07 1.721E-07 1.628E-07 1.547E-07 1.478E-07 1.446E-07 1.417E-07 1.389E-07
 1.364E-07 1.340E-07 1.317E-07 1.275E-07 1.238E-07 1.205E-07 1.174E-07 1.146E-07
 4.810E-08
 1.528E-07 1.949E-07 2.331E-07 2.467E-07 2.322E-07 2.104E-07 2.017E-07 1.946E-07
 1.857E-07 1.784E-07 1.689E-07 1.606E-07 1.533E-07 1.500E-07 1.469E-07 1.440E-07
 1.414E-07 1.388E-07 1.365E-07 1.321E-07 1.282E-07 1.247E-07 1.215E-07 1.186E-07
 4.951E-08
 1.552E-07 1.988E-07 2.379E-07 2.519E-07 2.375E-07 2.156E-07 2.068E-07 1.996E-07
 1.906E-07 1.832E-07 1.735E-07 1.649E-07 1.574E-07 1.540E-07 1.508E-07 1.479E-07
 1.451E-07 1.425E-07 1.401E-07 1.356E-07 1.315E-07 1.279E-07 1.246E-07 1.216E-07
 5.058E-08
 1.588E-07 2.047E-07 2.452E-07 2.599E-07 2.457E-07 2.236E-07 2.147E-07 2.073E-07
 1.982E-07 1.906E-07 1.806E-07 1.717E-07 1.639E-07 1.603E-07 1.570E-07 1.538E-07
 1.509E-07 1.482E-07 1.456E-07 1.409E-07 1.367E-07 1.329E-07 1.294E-07 1.263E-07
 5.226E-08
 1.602E-07 2.071E-07 2.482E-07 2.632E-07 2.490E-07 2.269E-07 2.180E-07 2.106E-07
 2.013E-07 1.937E-07 1.836E-07 1.746E-07 1.666E-07 1.629E-07 1.595E-07 1.563E-07
 1.533E-07 1.506E-07 1.479E-07 1.431E-07 1.388E-07 1.350E-07 1.314E-07 1.282E-07
 5.295E-08
 1.615E-07 2.092E-07 2.509E-07 2.662E-07 2.521E-07 2.299E-07 2.209E-07 2.135E-07
 2.042E-07 1.966E-07 1.863E-07 1.771E-07 1.690E-07 1.653E-07 1.618E-07 1.586E-07
 1.556E-07 1.527E-07 1.501E-07 1.452E-07 1.408E-07 1.369E-07 1.333E-07 1.300E-07
 5.358E-08
 1.627E-07 2.112E-07 2.533E-07 2.690E-07 2.549E-07 2.327E-07 2.237E-07 2.162E-07
 2.069E-07 1.992E-07 1.888E-07 1.795E-07 1.713E-07 1.675E-07 1.640E-07 1.607E-07
 1.576E-07 1.547E-07 1.520E-07 1.471E-07 1.426E-07 1.386E-07 1.350E-07 1.316E-07
 5.417E-08
 1.638E-07 2.130E-07 2.556E-07 2.715E-07 2.575E-07 2.352E-07 2.262E-07 2.188E-07
 2.094E-07 2.016E-07 1.912E-07 1.817E-07 1.734E-07 1.695E-07 1.660E-07 1.626E-07
 1.595E-07 1.566E-07 1.538E-07 1.488E-07 1.443E-07 1.402E-07 1.365E-07 1.332E-07
 5.471E-08
 1.648E-07 2.147E-07 2.577E-07 2.738E-07 2.599E-07 2.376E-07 2.286E-07 2.211E-07
 2.117E-07 2.039E-07 1.933E-07 1.838E-07 1.753E-07 1.715E-07 1.678E-07 1.645E-07
 1.613E-07 1.583E-07 1.556E-07 1.505E-07 1.459E-07 1.418E-07 1.380E-07 1.346E-07
 5.523E-08
 1.720E-07 2.264E-07 2.726E-07 2.905E-07 2.772E-07 2.550E-07 2.459E-07 2.384E-07
 2.287E-07 2.208E-07 2.096E-07 1.993E-07 1.901E-07 1.859E-07 1.819E-07 1.782E-07
 1.748E-07 1.715E-07 1.685E-07 1.629E-07 1.579E-07 1.535E-07 1.494E-07 1.457E-07
 5.929E-08
 1.763E-07 2.334E-07 2.815E-07 3.006E-07 2.879E-07 2.657E-07 2.567E-07 2.492E-07
 2.395E-07 2.315E-07 2.200E-07 2.092E-07 1.996E-07 1.952E-07 1.911E-07 1.872E-07
 1.836E-07 1.802E-07 1.770E-07 1.712E-07 1.660E-07 1.613E-07 1.570E-07 1.531E-07
 6.228E-08
 1.812E-07 2.413E-07 2.917E-07 3.123E-07 3.003E-07 2.785E-07 2.695E-07 2.621E-07
 2.525E-07 2.445E-07 2.327E-07 2.214E-07 2.114E-07 2.068E-07 2.024E-07 1.984E-07
 1.947E-07 1.911E-07 1.878E-07 1.817E-07 1.762E-07 1.713E-07 1.668E-07 1.627E-07
 6.664E-08
 1.827E-07 2.438E-07 2.950E-07 3.160E-07 3.043E-07 2.825E-07 2.736E-07 2.662E-07
 2.567E-07 2.488E-07 2.369E-07 2.254E-07 2.153E-07 2.106E-07 2.062E-07 2.022E-07
 1.984E-07 1.948E-07 1.914E-07 1.852E-07 1.797E-07 1.747E-07 1.702E-07 1.660E-07
 6.830E-08
 1.839E-07 2.457E-07 2.975E-07 3.189E-07 3.074E-07 2.858E-07 2.769E-07 2.695E-07
 2.601E-07 2.522E-07 2.402E-07 2.287E-07 2.184E-07 2.137E-07 2.093E-07 2.052E-07
 2.013E-07 1.977E-07 1.943E-07 1.881E-07 1.825E-07 1.775E-07 1.729E-07 1.687E-07
 6.973E-08
 1.849E-07 2.473E-07 2.995E-07 3.212E-07 3.099E-07 2.884E-07 2.795E-07 2.722E-07
 2.628E-07 2.549E-07 2.429E-07 2.313E-07 2.209E-07 2.162E-07 2.118E-07 2.076E-07
 2.038E-07 2.001E-07 1.967E-07 1.904E-07 1.848E-07 1.797E-07 1.751E-07 1.709E-07
 7.096E-08
 1.857E-07 2.486E-07 3.011E-07 3.231E-07 3.120E-07 2.905E-07 2.817E-07 2.744E-07
 2.650E-07 2.572E-07 2.452E-07 2.335E-07 2.230E-07 2.183E-07 2.138E-07 2.097E-07
 2.058E-07 2.022E-07 1.987E-07 1.924E-07 1.868E-07 1.817E-07 1.770E-07 1.728E-07
 7.204E-08
 1.864E-07 2.496E-07 3.025E-07 3.247E-07 3.137E-07 2.923E-07 2.835E-07 2.762E-07
 2.669E-07 2.591E-07 2.471E-07 2.353E-07 2.248E-07 2.201E-07 2.156E-07 2.114E-07
 2.075E-07 2.039E-07 2.004E-07 1.941E-07 1.884E-07 1.833E-07 1.786E-07 1.744E-07
 7.300E-08
--------------------------------------------------------------------------------
   20 /EREF=1.000E+06 /NREF=6.000E+13
--------------------------------------------------------------------------------
 1.000E+02 2.000E+02 3.000E+02 5.000E+02 6.000E+02 7.000E+02 8.000E+02 8.966E+02
 1.000E+03 2.000E+03 3.000E+03 5.000E+03 6.000E+03 7.000E+03 8.000E+03 8.966E+03
 1.000E+04 2.000E+04 3.000E+04 5.000E+04
--------------------------------------------------------------------------------
 1.915E-07 1.898E-07 1.868E-07 1.816E-07 1.796E-07 1.779E-07 1.764E-07 1.751E-07
 1.739E-07 1.666E-07 1.628E-07 1.585E-07 1.572E-07 1.561E-07 1.552E-07 1.544E-07
 1.537E-07 1.499E-07 1.481E-07 1.461E-07
--------------------------------------------------------------------------------
 
C--------------------------------------------------------------------
C
C
C  Code      : run_adas310
C  Producer  : Martin O'Mullane
C  Date      : 08/04/04
C
C--------------------------------------------------------------------

C--------------------------------------------------------------------------------
C  SCCS info: Module @(#)$Header: /u/xshare/Attic/repos/codesys/source/adas/data/adf21/bms97#h_fast/bms97#h_fast_li3.dat,v 1.1 2009-07-30 05:07:14 Marina Gorelenkova Exp $ Date $Date: 2009-07-30 05:07:14 $
C--------------------------------------------------------------------------------
