    9 /SVREF=2.810E-07 /SPEC=F  /DATE=08/04/04 /CODE=ADAS310
--------------------------------------------------------------------------------
   25   25 /TREF=2.000E+03
--------------------------------------------------------------------------------
 5.000E+04 1.000E+05 1.500E+05 2.000E+05 3.000E+05 4.000E+05 4.500E+05 5.000E+05
 6.000E+05 7.000E+05 8.000E+05 9.000E+05 1.000E+06 1.050E+06 1.100E+06 1.150E+06
 1.200E+06 1.250E+06 1.300E+06 1.400E+06 1.500E+06 1.600E+06 1.700E+06 1.800E+06
 2.000E+07
 1.000E+12 2.000E+12 3.000E+12 5.000E+12 6.000E+12 7.000E+12 8.000E+12 9.000E+12
 1.000E+13 2.000E+13 3.000E+13 5.000E+13 6.000E+13 7.000E+13 8.000E+13 9.000E+13
 1.000E+14 2.000E+14 3.000E+14 5.000E+14 6.000E+14 7.000E+14 8.000E+14 9.000E+14
 1.000E+15
--------------------------------------------------------------------------------
 1.641E-07 1.691E-07 1.943E-07 2.202E-07 2.447E-07 2.493E-07 2.515E-07 2.529E-07
 2.460E-07 2.398E-07 2.264E-07 2.148E-07 2.050E-07 2.006E-07 1.965E-07 1.927E-07
 1.890E-07 1.856E-07 1.824E-07 1.765E-07 1.713E-07 1.665E-07 1.621E-07 1.581E-07
 6.192E-08
 1.650E-07 1.708E-07 1.967E-07 2.232E-07 2.486E-07 2.537E-07 2.560E-07 2.575E-07
 2.507E-07 2.446E-07 2.311E-07 2.195E-07 2.096E-07 2.052E-07 2.010E-07 1.971E-07
 1.934E-07 1.899E-07 1.867E-07 1.807E-07 1.753E-07 1.704E-07 1.659E-07 1.618E-07
 6.279E-08
 1.656E-07 1.720E-07 1.986E-07 2.255E-07 2.517E-07 2.572E-07 2.597E-07 2.613E-07
 2.545E-07 2.485E-07 2.349E-07 2.233E-07 2.135E-07 2.090E-07 2.048E-07 2.008E-07
 1.971E-07 1.936E-07 1.902E-07 1.841E-07 1.787E-07 1.737E-07 1.691E-07 1.650E-07
 6.352E-08
 1.667E-07 1.740E-07 2.015E-07 2.293E-07 2.566E-07 2.628E-07 2.655E-07 2.673E-07
 2.607E-07 2.548E-07 2.413E-07 2.296E-07 2.198E-07 2.152E-07 2.110E-07 2.070E-07
 2.031E-07 1.995E-07 1.961E-07 1.899E-07 1.843E-07 1.792E-07 1.745E-07 1.702E-07
 6.475E-08
 1.671E-07 1.749E-07 2.028E-07 2.308E-07 2.586E-07 2.651E-07 2.680E-07 2.698E-07
 2.633E-07 2.575E-07 2.439E-07 2.323E-07 2.224E-07 2.179E-07 2.136E-07 2.096E-07
 2.057E-07 2.021E-07 1.987E-07 1.924E-07 1.867E-07 1.816E-07 1.768E-07 1.725E-07
 6.529E-08
 1.675E-07 1.756E-07 2.039E-07 2.322E-07 2.604E-07 2.672E-07 2.702E-07 2.721E-07
 2.657E-07 2.599E-07 2.463E-07 2.347E-07 2.248E-07 2.203E-07 2.160E-07 2.120E-07
 2.081E-07 2.044E-07 2.010E-07 1.946E-07 1.889E-07 1.837E-07 1.790E-07 1.746E-07
 6.580E-08
 1.678E-07 1.763E-07 2.049E-07 2.335E-07 2.621E-07 2.692E-07 2.722E-07 2.742E-07
 2.679E-07 2.621E-07 2.486E-07 2.369E-07 2.271E-07 2.225E-07 2.183E-07 2.142E-07
 2.103E-07 2.066E-07 2.031E-07 1.967E-07 1.910E-07 1.858E-07 1.809E-07 1.765E-07
 6.628E-08
 1.681E-07 1.769E-07 2.058E-07 2.346E-07 2.636E-07 2.710E-07 2.741E-07 2.761E-07
 2.699E-07 2.642E-07 2.506E-07 2.390E-07 2.292E-07 2.246E-07 2.203E-07 2.162E-07
 2.123E-07 2.086E-07 2.051E-07 1.987E-07 1.929E-07 1.876E-07 1.828E-07 1.783E-07
 6.674E-08
 1.684E-07 1.775E-07 2.066E-07 2.357E-07 2.650E-07 2.726E-07 2.758E-07 2.779E-07
 2.717E-07 2.661E-07 2.526E-07 2.410E-07 2.311E-07 2.266E-07 2.223E-07 2.182E-07
 2.142E-07 2.105E-07 2.069E-07 2.005E-07 1.947E-07 1.894E-07 1.845E-07 1.800E-07
 6.717E-08
 1.708E-07 1.819E-07 2.130E-07 2.437E-07 2.757E-07 2.852E-07 2.892E-07 2.916E-07
 2.861E-07 2.810E-07 2.676E-07 2.560E-07 2.463E-07 2.416E-07 2.373E-07 2.331E-07
 2.290E-07 2.251E-07 2.215E-07 2.147E-07 2.087E-07 2.032E-07 1.980E-07 1.933E-07
 7.070E-08
 1.725E-07 1.850E-07 2.175E-07 2.493E-07 2.834E-07 2.943E-07 2.987E-07 3.015E-07
 2.966E-07 2.918E-07 2.785E-07 2.670E-07 2.573E-07 2.527E-07 2.483E-07 2.441E-07
 2.398E-07 2.358E-07 2.321E-07 2.252E-07 2.190E-07 2.133E-07 2.080E-07 2.031E-07
 7.336E-08
 1.750E-07 1.896E-07 2.241E-07 2.576E-07 2.947E-07 3.078E-07 3.131E-07 3.164E-07
 3.122E-07 3.081E-07 2.950E-07 2.837E-07 2.741E-07 2.695E-07 2.651E-07 2.607E-07
 2.563E-07 2.522E-07 2.483E-07 2.411E-07 2.347E-07 2.287E-07 2.232E-07 2.181E-07
 7.744E-08
 1.760E-07 1.914E-07 2.267E-07 2.609E-07 2.992E-07 3.132E-07 3.189E-07 3.224E-07
 3.186E-07 3.146E-07 3.016E-07 2.904E-07 2.810E-07 2.763E-07 2.719E-07 2.675E-07
 2.631E-07 2.589E-07 2.549E-07 2.476E-07 2.411E-07 2.351E-07 2.294E-07 2.242E-07
 7.912E-08
 1.769E-07 1.929E-07 2.290E-07 2.638E-07 3.032E-07 3.180E-07 3.240E-07 3.277E-07
 3.242E-07 3.205E-07 3.075E-07 2.965E-07 2.870E-07 2.824E-07 2.780E-07 2.736E-07
 2.691E-07 2.649E-07 2.609E-07 2.535E-07 2.468E-07 2.407E-07 2.350E-07 2.297E-07
 8.065E-08
 1.777E-07 1.944E-07 2.311E-07 2.664E-07 3.068E-07 3.223E-07 3.285E-07 3.324E-07
 3.292E-07 3.257E-07 3.129E-07 3.019E-07 2.925E-07 2.879E-07 2.835E-07 2.791E-07
 2.745E-07 2.703E-07 2.662E-07 2.588E-07 2.521E-07 2.459E-07 2.401E-07 2.348E-07
 8.206E-08
 1.784E-07 1.956E-07 2.329E-07 2.688E-07 3.100E-07 3.261E-07 3.326E-07 3.367E-07
 3.337E-07 3.305E-07 3.177E-07 3.068E-07 2.975E-07 2.929E-07 2.885E-07 2.840E-07
 2.795E-07 2.752E-07 2.711E-07 2.636E-07 2.569E-07 2.506E-07 2.448E-07 2.394E-07
 8.338E-08
 1.790E-07 1.968E-07 2.346E-07 2.709E-07 3.130E-07 3.297E-07 3.364E-07 3.406E-07
 3.378E-07 3.348E-07 3.221E-07 3.112E-07 3.020E-07 2.974E-07 2.931E-07 2.886E-07
 2.840E-07 2.797E-07 2.756E-07 2.681E-07 2.613E-07 2.550E-07 2.491E-07 2.436E-07
 8.461E-08
 1.830E-07 2.042E-07 2.457E-07 2.850E-07 3.323E-07 3.529E-07 3.611E-07 3.663E-07
 3.652E-07 3.635E-07 3.515E-07 3.412E-07 3.325E-07 3.281E-07 3.240E-07 3.196E-07
 3.149E-07 3.105E-07 3.063E-07 2.986E-07 2.917E-07 2.853E-07 2.791E-07 2.735E-07
 9.420E-08
 1.851E-07 2.082E-07 2.516E-07 2.926E-07 3.425E-07 3.653E-07 3.743E-07 3.800E-07
 3.799E-07 3.790E-07 3.674E-07 3.574E-07 3.491E-07 3.450E-07 3.410E-07 3.367E-07
 3.321E-07 3.277E-07 3.236E-07 3.160E-07 3.090E-07 3.026E-07 2.965E-07 2.908E-07
 1.009E-07
 1.872E-07 2.122E-07 2.577E-07 3.005E-07 3.533E-07 3.783E-07 3.882E-07 3.945E-07
 3.955E-07 3.953E-07 3.843E-07 3.748E-07 3.669E-07 3.630E-07 3.594E-07 3.553E-07
 3.508E-07 3.465E-07 3.425E-07 3.350E-07 3.282E-07 3.220E-07 3.159E-07 3.103E-07
 1.099E-07
 1.878E-07 2.134E-07 2.596E-07 3.028E-07 3.565E-07 3.822E-07 3.923E-07 3.988E-07
 4.001E-07 4.002E-07 3.893E-07 3.800E-07 3.722E-07 3.685E-07 3.649E-07 3.609E-07
 3.564E-07 3.522E-07 3.482E-07 3.408E-07 3.341E-07 3.279E-07 3.219E-07 3.163E-07
 1.131E-07
 1.883E-07 2.143E-07 2.609E-07 3.046E-07 3.589E-07 3.851E-07 3.955E-07 4.020E-07
 4.035E-07 4.039E-07 3.931E-07 3.839E-07 3.763E-07 3.726E-07 3.691E-07 3.652E-07
 3.608E-07 3.566E-07 3.526E-07 3.453E-07 3.386E-07 3.325E-07 3.265E-07 3.210E-07
 1.158E-07
 1.886E-07 2.150E-07 2.620E-07 3.060E-07 3.608E-07 3.874E-07 3.979E-07 4.045E-07
 4.063E-07 4.068E-07 3.961E-07 3.870E-07 3.795E-07 3.759E-07 3.725E-07 3.686E-07
 3.642E-07 3.600E-07 3.561E-07 3.488E-07 3.422E-07 3.361E-07 3.302E-07 3.247E-07
 1.180E-07
 1.889E-07 2.156E-07 2.629E-07 3.071E-07 3.623E-07 3.892E-07 3.999E-07 4.066E-07
 4.085E-07 4.092E-07 3.986E-07 3.896E-07 3.821E-07 3.785E-07 3.752E-07 3.713E-07
 3.670E-07 3.628E-07 3.589E-07 3.517E-07 3.452E-07 3.391E-07 3.332E-07 3.277E-07
 1.199E-07
 1.891E-07 2.161E-07 2.636E-07 3.081E-07 3.636E-07 3.908E-07 4.015E-07 4.083E-07
 4.103E-07 4.111E-07 4.006E-07 3.916E-07 3.842E-07 3.807E-07 3.774E-07 3.736E-07
 3.693E-07 3.652E-07 3.613E-07 3.541E-07 3.476E-07 3.416E-07 3.357E-07 3.303E-07
 1.216E-07
--------------------------------------------------------------------------------
   20 /EREF=1.000E+06 /NREF=6.000E+13
--------------------------------------------------------------------------------
 1.000E+02 2.000E+02 3.000E+02 5.000E+02 6.000E+02 7.000E+02 8.000E+02 8.966E+02
 1.000E+03 2.000E+03 3.000E+03 5.000E+03 6.000E+03 7.000E+03 8.000E+03 8.966E+03
 1.000E+04 2.000E+04 3.000E+04 5.000E+04
--------------------------------------------------------------------------------
 3.081E-07 3.063E-07 3.030E-07 2.975E-07 2.953E-07 2.934E-07 2.918E-07 2.904E-07
 2.890E-07 2.810E-07 2.768E-07 2.722E-07 2.707E-07 2.694E-07 2.684E-07 2.676E-07
 2.668E-07 2.625E-07 2.604E-07 2.582E-07
--------------------------------------------------------------------------------
 
C--------------------------------------------------------------------
C
C
C  Code      : run_adas310
C  Producer  : Martin O'Mullane
C  Date      : 08/04/04
C
C--------------------------------------------------------------------

C--------------------------------------------------------------------------------
C  SCCS info: Module @(#)$Header: /u/xshare/Attic/repos/codesys/source/adas/data/adf21/bms97#h_fast/bms97#h_fast_f9.dat,v 1.1 2009-07-30 05:07:14 Marina Gorelenkova Exp $ Date $Date: 2009-07-30 05:07:14 $
C--------------------------------------------------------------------------------
